a10: 1.3.6.1.4.1.22610
a10AGA1: 1.3.6.1.4.1.22610.1.4.1
a10AGA5000: 1.3.6.1.4.1.22610.1.4.2
a10AX: 1.3.6.1.4.1.22610.1.3
a10AX1000: 1.3.6.1.4.1.22610.1.3.6
a10AX1030: 1.3.6.1.4.1.22610.1.3.15
a10AX2000: 1.3.6.1.4.1.22610.1.3.5
a10AX2100: 1.3.6.1.4.1.22610.1.3.1
a10AX2200: 1.3.6.1.4.1.22610.1.3.4
a10AX2500: 1.3.6.1.4.1.22610.1.3.8
a10AX2600: 1.3.6.1.4.1.22610.1.3.9
a10AX3000: 1.3.6.1.4.1.22610.1.3.10
a10AX3030: 1.3.6.1.4.1.22610.1.3.14
a10AX3100: 1.3.6.1.4.1.22610.1.3.2
a10AX3200: 1.3.6.1.4.1.22610.1.3.3
a10AX3200_12: 1.3.6.1.4.1.22610.1.3.16
a10AX3400: 1.3.6.1.4.1.22610.1.3.17
a10AX3530: 1.3.6.1.4.1.22610.1.3.18
a10AX5100: 1.3.6.1.4.1.22610.1.3.12
a10AX5200: 1.3.6.1.4.1.22610.1.3.7
a10AX5630: 1.3.6.1.4.1.22610.1.3.19
a10CentMgmt: 1.3.6.1.4.1.22610.1.4
a10EX: 1.3.6.1.4.1.22610.1.2
a10EX2100: 1.3.6.1.4.1.22610.1.2.1
a10EX2180: 1.3.6.1.4.1.22610.1.2.2
a10EX2200: 1.3.6.1.4.1.22610.1.2.3
a10EX2280: 1.3.6.1.4.1.22610.1.2.4
a10HitachiBladeServer: 1.3.6.1.4.1.22610.1.3.11
a10IDsentrie: 1.3.6.1.4.1.22610.1.1
a10IDsentrie1000: 1.3.6.1.4.1.22610.1.1.1
a10Mgmt: 1.3.6.1.4.1.22610.2
a10Products: 1.3.6.1.4.1.22610.1
a10RetiEntity1000: 1.3.6.1.4.1.22610.1.1.3
a10SoftAGA: 1.3.6.1.4.1.22610.1.4.3
a10SoftAX: 1.3.6.1.4.1.22610.1.3.13
a10StealthWatch: 1.3.6.1.4.1.22610.1.1.2
a10TH1030S: 1.3.6.1.4.1.22610.1.3.23
a10TH3030S: 1.3.6.1.4.1.22610.1.3.22
a10TH5430: 1.3.6.1.4.1.22610.1.3.21
a10TH6430: 1.3.6.1.4.1.22610.1.3.20
a10TH930S: 1.3.6.1.4.1.22610.1.3.24
