adaptec: 1.3.6.1.4.1.795
asmMgmtStation: 1.3.6.1.4.1.795.16516
managementServerEventTrap: 1.3.6.1.4.1.795.16516.100.1
totalStorageDS300MIB: 1.3.6.1.4.1.795.16516.10
trapEventActive: 1.3.6.1.4.1.795.16516.10.1.6
trapEventAgentID: 1.3.6.1.4.1.795.16516.10.1.12
trapEventAgentSequence: 1.3.6.1.4.1.795.16516.10.1.10
trapEventAgentType: 1.3.6.1.4.1.795.16516.10.1.13
trapEventCategory: 1.3.6.1.4.1.795.16516.10.1.14
trapEventControllerSN: 1.3.6.1.4.1.795.16516.10.1.16
trapEventDate: 1.3.6.1.4.1.795.16516.10.1.3
trapEventDescription: 1.3.6.1.4.1.795.16516.10.1.9
trapEventEnclosureSN: 1.3.6.1.4.1.795.16516.10.1.17
trapEventHost: 1.3.6.1.4.1.795.16516.10.1.1
trapEventInfo: 1.3.6.1.4.1.795.16516.10.1.7
trapEventLevel: 1.3.6.1.4.1.795.16516.10.1.5
trapEventOrigin: 1.3.6.1.4.1.795.16516.10.1.2
trapEventSANSequence: 1.3.6.1.4.1.795.16516.10.1.11
trapEventShortText: 1.3.6.1.4.1.795.16516.10.1.8
trapEventTime: 1.3.6.1.4.1.795.16516.10.1.4
trapEventType: 1.3.6.1.4.1.795.16516.10.1.15
trapObjects: 1.3.6.1.4.1.795.16516.10.1
