adAdmin: 1.3.6.1.4.1.664.3
adAgentCapModule: 1.3.6.1.4.1.664.7
adAgentCapProduct: 1.3.6.1.4.1.664.7.1
adAgentCapShared: 1.3.6.1.4.1.664.7.2
adBaseGroup: 1.3.6.1.4.1.664.99.2.1
adCNDGroup: 1.3.6.1.4.1.664.99.2.2
adCompliance: 1.3.6.1.4.1.664.99.1.1
adComplianceShared: 1.3.6.1.4.1.664.99.10000
adCompliances: 1.3.6.1.4.1.664.99.1
adConformance: 1.3.6.1.4.1.664.99
adIdentity: 1.3.6.1.4.1.664.6
adIdentityShared: 1.3.6.1.4.1.664.6.10000
adMIBGroups: 1.3.6.1.4.1.664.99.2
adMgmt: 1.3.6.1.4.1.664.2
adPerform: 1.3.6.1.4.1.664.4
adProdCLEIcode: 1.3.6.1.4.1.664.3.1.3
adProdName: 1.3.6.1.4.1.664.3.1.1
adProdPartNumber: 1.3.6.1.4.1.664.3.1.2
adProdPhysAddress: 1.3.6.1.4.1.664.3.1.7
adProdProductID: 1.3.6.1.4.1.664.3.1.8
adProdRevision: 1.3.6.1.4.1.664.3.1.5
adProdSerialNumber: 1.3.6.1.4.1.664.3.1.4
adProdSwVersion: 1.3.6.1.4.1.664.3.1.6
adProdTransType: 1.3.6.1.4.1.664.3.1.9
adProductInfo: 1.3.6.1.4.1.664.3.1
adProducts: 1.3.6.1.4.1.664.1
adShared: 1.3.6.1.4.1.664.5
adtran: 1.3.6.1.4.1.664
