ahLinkCost: 1.3.6.1.4.1.26928.1.1.1.3.1.1.1.2
ahLinkType: 1.3.6.1.4.1.26928.1.1.1.3.1.1.1.5
ahLinkUptime: 1.3.6.1.4.1.26928.1.1.1.3.1.1.1.4
ahMRP: 1.3.6.1.4.1.26928.1.1.1.3.1
ahNeighberAPId: 1.3.6.1.4.1.26928.1.1.1.3.1.1.1.1
ahNeighborEntry: 1.3.6.1.4.1.26928.1.1.1.3.1.1.1
ahNeighborTable: 1.3.6.1.4.1.26928.1.1.1.3.1.1
ahRSSI: 1.3.6.1.4.1.26928.1.1.1.3.1.1.1.3
ahRXDataOctets: 1.3.6.1.4.1.26928.1.1.1.3.1.1.1.7
ahRxBroadcastFrames: 1.3.6.1.4.1.26928.1.1.1.3.1.1.1.11
ahRxDataFrames: 1.3.6.1.4.1.26928.1.1.1.3.1.1.1.6
ahRxMgtFrames: 1.3.6.1.4.1.26928.1.1.1.3.1.1.1.8
ahRxMulticastFrames: 1.3.6.1.4.1.26928.1.1.1.3.1.1.1.10
ahRxUnicastFrames: 1.3.6.1.4.1.26928.1.1.1.3.1.1.1.9
ahTxBeDataFrames: 1.3.6.1.4.1.26928.1.1.1.3.1.1.1.18
ahTxBgDataFrames: 1.3.6.1.4.1.26928.1.1.1.3.1.1.1.19
ahTxBroadcastFrames: 1.3.6.1.4.1.26928.1.1.1.3.1.1.1.17
ahTxDataFrames: 1.3.6.1.4.1.26928.1.1.1.3.1.1.1.12
ahTxDataOctets: 1.3.6.1.4.1.26928.1.1.1.3.1.1.1.14
ahTxMgtFrames: 1.3.6.1.4.1.26928.1.1.1.3.1.1.1.13
ahTxMulticastFrames: 1.3.6.1.4.1.26928.1.1.1.3.1.1.1.16
ahTxUnicastFrames: 1.3.6.1.4.1.26928.1.1.1.3.1.1.1.15
ahTxViDataFrames: 1.3.6.1.4.1.26928.1.1.1.3.1.1.1.20
ahTxVoDataFrames: 1.3.6.1.4.1.26928.1.1.1.3.1.1.1.21
