aerohive: 1.3.6.1.4.1.26928
ahAP: 1.3.6.1.4.1.26928.1.1
ahAPCommon: 1.3.6.1.4.1.26928.1.1.1
ahAPHiveAP020_ag: 1.3.6.1.4.1.26928.1.1.2
ahAPHiveAP028_ag: 1.3.6.1.4.1.26928.1.1.3
ahAPHiveAP320_n: 1.3.6.1.4.1.26928.1.1.4
ahAPHiveAP340_n: 1.3.6.1.4.1.26928.1.1.5
ahAPIDP: 1.3.6.1.4.1.26928.1.1.1.4
ahAPInterface: 1.3.6.1.4.1.26928.1.1.1.2
ahAPMRP: 1.3.6.1.4.1.26928.1.1.1.3
ahAPTrap: 1.3.6.1.4.1.26928.1.1.1.1
ahProduct: 1.3.6.1.4.1.26928.1
