ahClientCount: 1.3.6.1.4.1.26928.1.2.9
ahCpuUtilization: 1.3.6.1.4.1.26928.1.2.3
ahDeviceMode: 1.3.6.1.4.1.26928.1.2.6
ahEnvirmentFan: 1.3.6.1.4.1.26928.1.2.11
ahEnvirmentTemp: 1.3.6.1.4.1.26928.1.2.10
ahFirmwareVersion: 1.3.6.1.4.1.26928.1.2.12
ahHwVersion: 1.3.6.1.4.1.26928.1.2.8
ahMemUtilization: 1.3.6.1.4.1.26928.1.2.4
ahSystem: 1.3.6.1.4.1.26928.1.2
ahSystemDescription: 1.3.6.1.4.1.26928.1.2.2
ahSystemName: 1.3.6.1.4.1.26928.1.2.1
ahSystemSerial: 1.3.6.1.4.1.26928.1.2.5
ahUpTime: 1.3.6.1.4.1.26928.1.2.7
