arista: 1.3.6.1.4.1.30065
aristaExperiment: 1.3.6.1.4.1.30065.4
aristaMibs: 1.3.6.1.4.1.30065.3
aristaModules: 1.3.6.1.4.1.30065.2
aristaProducts: 1.3.6.1.4.1.30065.1
