bIPMIB: 1.3.6.1.4.1.39406.1.6
bIPMIBObjects: 1.3.6.1.4.1.39406.1.6.1
bIPNotifObjects: 1.3.6.1.4.1.39406.1.6.0
bIPPortEntry: 1.3.6.1.4.1.39406.1.6.1.1.1
bIPPortIndex: 1.3.6.1.4.1.39406.1.6.1.1.1.1
bIPPortInterfaceName: 1.3.6.1.4.1.39406.1.6.1.1.1.2
bIPPortRx1024to1518byteFrames: 1.3.6.1.4.1.39406.1.6.1.1.1.27
bIPPortRx128to255byteFrames: 1.3.6.1.4.1.39406.1.6.1.1.1.24
bIPPortRx1519to1522byteFrames: 1.3.6.1.4.1.39406.1.6.1.1.1.28
bIPPortRx1523to10368byteFrames: 1.3.6.1.4.1.39406.1.6.1.1.1.29
bIPPortRx256to511byteFrames: 1.3.6.1.4.1.39406.1.6.1.1.1.25
bIPPortRx512to1023byteFrames: 1.3.6.1.4.1.39406.1.6.1.1.1.26
bIPPortRx64byteFrames: 1.3.6.1.4.1.39406.1.6.1.1.1.22
bIPPortRx65to127byteFrames: 1.3.6.1.4.1.39406.1.6.1.1.1.23
bIPPortRxBcastFrames: 1.3.6.1.4.1.39406.1.6.1.1.1.19
bIPPortRxBytesInFrameWoErr: 1.3.6.1.4.1.39406.1.6.1.1.1.18
bIPPortRxIntrPktJunk: 1.3.6.1.4.1.39406.1.6.1.1.1.35
bIPPortRxJabberFrames: 1.3.6.1.4.1.39406.1.6.1.1.1.31
bIPPortRxL2McastFrames: 1.3.6.1.4.1.39406.1.6.1.1.1.20
bIPPortRxLenFldErrFrames: 1.3.6.1.4.1.39406.1.6.1.1.1.33
bIPPortRxOvrSzFrames: 1.3.6.1.4.1.39406.1.6.1.1.1.32
bIPPortRxPausFrames: 1.3.6.1.4.1.39406.1.6.1.1.1.21
bIPPortRxShortFrames: 1.3.6.1.4.1.39406.1.6.1.1.1.30
bIPPortRxSymbErrs: 1.3.6.1.4.1.39406.1.6.1.1.1.34
bIPPortTable: 1.3.6.1.4.1.39406.1.6.1.1
bIPPortTx1024to1518byteFrames: 1.3.6.1.4.1.39406.1.6.1.1.1.13
bIPPortTx128to255byteFrames: 1.3.6.1.4.1.39406.1.6.1.1.1.10
bIPPortTx1519to1522byteFrames: 1.3.6.1.4.1.39406.1.6.1.1.1.14
bIPPortTx1523toMaxByteFrames: 1.3.6.1.4.1.39406.1.6.1.1.1.15
bIPPortTx17to63byteFrames: 1.3.6.1.4.1.39406.1.6.1.1.1.16
bIPPortTx256to511byteFrames: 1.3.6.1.4.1.39406.1.6.1.1.1.11
bIPPortTx512to1023byteFrames: 1.3.6.1.4.1.39406.1.6.1.1.1.12
bIPPortTx64byteFrames: 1.3.6.1.4.1.39406.1.6.1.1.1.8
bIPPortTx65to127byteFrames: 1.3.6.1.4.1.39406.1.6.1.1.1.9
bIPPortTxBadFcsFrames: 1.3.6.1.4.1.39406.1.6.1.1.1.17
bIPPortTxBcastFrames: 1.3.6.1.4.1.39406.1.6.1.1.1.5
bIPPortTxBytesInFrameWoErr: 1.3.6.1.4.1.39406.1.6.1.1.1.3
bIPPortTxFramesWoErrExclPausFrame: 1.3.6.1.4.1.39406.1.6.1.1.1.4
bIPPortTxL2McastFrames: 1.3.6.1.4.1.39406.1.6.1.1.1.6
bIPPortTxPausFrame: 1.3.6.1.4.1.39406.1.6.1.1.1.7
