bVLANMIB: 1.3.6.1.4.1.39406.2.1.8
bVLANMIBObjects: 1.3.6.1.4.1.39406.2.1.8.1
bVLANNotifObjects: 1.3.6.1.4.1.39406.2.1.8.0
bVLANNotifVariables: 1.3.6.1.4.1.39406.2.1.8.2
bVlanActive: 1.3.6.1.4.1.39406.2.1.8.1.4.1.3
bVlanAdminStatus: 1.3.6.1.4.1.39406.2.1.8.1.1.1.6
bVlanAssocSub: 1.3.6.1.4.1.39406.2.1.8.1.6
bVlanCreate: 1.3.6.1.4.1.39406.2.1.8.0.3
bVlanCurrentNumber: 1.3.6.1.4.1.39406.2.1.8.1.5
bVlanDelete: 1.3.6.1.4.1.39406.2.1.8.0.4
bVlanEncapDisable: 1.3.6.1.4.1.39406.2.1.8.0.2
bVlanEncapEnable: 1.3.6.1.4.1.39406.2.1.8.0.1
bVlanEncapName: 1.3.6.1.4.1.39406.2.1.8.1.1.1.5
bVlanEntry: 1.3.6.1.4.1.39406.2.1.8.1.1.1
bVlanId: 1.3.6.1.4.1.39406.2.1.8.2.2
bVlanIndex: 1.3.6.1.4.1.39406.2.1.8.1.1.1.2
bVlanMTU: 1.3.6.1.4.1.39406.2.1.8.1.1.1.4
bVlanName: 1.3.6.1.4.1.39406.2.1.8.1.1.1.3
bVlanOperStatus: 1.3.6.1.4.1.39406.2.1.8.1.1.1.7
bVlanPerPortIndex: 1.3.6.1.4.1.39406.2.1.8.1.4.1.1
bVlanPortEntry: 1.3.6.1.4.1.39406.2.1.8.1.4.1
bVlanPortId: 1.3.6.1.4.1.39406.2.1.8.2.1
bVlanPortIndex: 1.3.6.1.4.1.39406.2.1.8.1.1.1.1
bVlanPortTable: 1.3.6.1.4.1.39406.2.1.8.1.4
bVlanTable: 1.3.6.1.4.1.39406.2.1.8.1.1
bVlanTotal: 1.3.6.1.4.1.39406.2.1.8.1.4.1.2
bWagVlanEntry: 1.3.6.1.4.1.39406.2.1.8.1.2.1
bWagVlanIndex: 1.3.6.1.4.1.39406.2.1.8.1.2.1.2
bWagVlanPortIndex: 1.3.6.1.4.1.39406.2.1.8.1.2.1.1
bWagVlanStatsEntry: 1.3.6.1.4.1.39406.2.1.8.1.3.1
bWagVlanStatsIndex: 1.3.6.1.4.1.39406.2.1.8.1.3.1.2
bWagVlanStatsPortIndex: 1.3.6.1.4.1.39406.2.1.8.1.3.1.1
bWagVlanStatsTable: 1.3.6.1.4.1.39406.2.1.8.1.3
bWagVlanSubscriberCount: 1.3.6.1.4.1.39406.2.1.8.1.2.1.3
bWagVlanTable: 1.3.6.1.4.1.39406.2.1.8.1.2
bWagVlanTotalBytesRcvd: 1.3.6.1.4.1.39406.2.1.8.1.3.1.5
bWagVlanTotalBytesSent: 1.3.6.1.4.1.39406.2.1.8.1.3.1.6
bWagVlanTotalPktsRcvd: 1.3.6.1.4.1.39406.2.1.8.1.3.1.3
bWagVlanTotalPktsSent: 1.3.6.1.4.1.39406.2.1.8.1.3.1.4
