bCPUMonInterval: 1.3.6.1.4.1.39406.1.5.1.9
bHostMIB: 1.3.6.1.4.1.39406.1.5
bHostMIBObjects: 1.3.6.1.4.1.39406.1.5.1
bHostNotifObjects: 1.3.6.1.4.1.39406.1.5.0
bHostNotifVariables: 1.3.6.1.4.1.39406.1.5.2
bSWProcessAvgCPUUsageHighThreshold: 1.3.6.1.4.1.39406.1.5.2.5
bSWProcessAvgCPUUsageLowThreshold: 1.3.6.1.4.1.39406.1.5.2.4
bSWProcessID: 1.3.6.1.4.1.39406.1.5.2.3
bSWProcessName: 1.3.6.1.4.1.39406.1.5.2.2
bSWTaskAvgCPUUsage: 1.3.6.1.4.1.39406.1.5.1.1.1.7
bSWTaskAvgCPUUsageHigh: 1.3.6.1.4.1.39406.1.5.0.2
bSWTaskAvgCPUUsageHighThreshold: 1.3.6.1.4.1.39406.1.5.1.1.1.15
bSWTaskAvgCPUUsageLow: 1.3.6.1.4.1.39406.1.5.0.1
bSWTaskAvgCPUUsageLowThreshold: 1.3.6.1.4.1.39406.1.5.1.1.1.16
bSWTaskCPUUsage: 1.3.6.1.4.1.39406.1.5.1.1.1.6
bSWTaskCPUUsageLimit: 1.3.6.1.4.1.39406.1.5.1.1.1.17
bSWTaskCodeSegmentSize: 1.3.6.1.4.1.39406.1.5.1.1.1.9
bSWTaskDataSegmentSize: 1.3.6.1.4.1.39406.1.5.1.1.1.10
bSWTaskDied: 1.3.6.1.4.1.39406.1.5.0.3
bSWTaskDiedReason: 1.3.6.1.4.1.39406.1.5.2.1
bSWTaskIndex: 1.3.6.1.4.1.39406.1.5.1.1.1.1
bSWTaskInfoEntry: 1.3.6.1.4.1.39406.1.5.1.1.1
bSWTaskInfoTable: 1.3.6.1.4.1.39406.1.5.1.1
bSWTaskLoadIntervalDuration: 1.3.6.1.4.1.39406.1.5.1.1.1.4
bSWTaskMaxCPUUsage: 1.3.6.1.4.1.39406.1.5.1.1.1.8
bSWTaskName: 1.3.6.1.4.1.39406.1.5.1.1.1.2
bSWTaskProcessID: 1.3.6.1.4.1.39406.1.5.1.1.1.3
bSWTaskResidentPhyMem: 1.3.6.1.4.1.39406.1.5.1.1.1.11
bSWTaskRestartCount: 1.3.6.1.4.1.39406.1.5.1.1.1.20
bSWTaskRestartLimit: 1.3.6.1.4.1.39406.1.5.1.1.1.18
bSWTaskRestartLimitReached: 1.3.6.1.4.1.39406.1.5.0.4
bSWTaskRestartability: 1.3.6.1.4.1.39406.1.5.1.1.1.19
bSWTaskRunStateTime: 1.3.6.1.4.1.39406.1.5.1.1.1.5
bSWTaskSharedMem: 1.3.6.1.4.1.39406.1.5.1.1.1.13
bSWTaskVirtMemPeakUsage: 1.3.6.1.4.1.39406.1.5.1.1.1.14
bSWTaskVirtMemUsage: 1.3.6.1.4.1.39406.1.5.1.1.1.12
bSysAvgCPUUtil15Sec: 1.3.6.1.4.1.39406.1.5.1.6
bSysAvgCPUUtil1Min: 1.3.6.1.4.1.39406.1.5.1.7
bSysAvgCPUUtil5Min: 1.3.6.1.4.1.39406.1.5.1.8
bSysMemFree: 1.3.6.1.4.1.39406.1.5.1.4
bSysMemUsed: 1.3.6.1.4.1.39406.1.5.1.3
bSysTotalCPUUtilAvailable: 1.3.6.1.4.1.39406.1.5.1.5
bSysTotalMem: 1.3.6.1.4.1.39406.1.5.1.2
