Benu_Internal: 1.3.6.1.4.1.39406.1.2.1.3
Benu_KVM: 1.3.6.1.4.1.39406.1.2.1.5
Benu_VMware: 1.3.6.1.4.1.39406.1.2.1.6
Benu_Virtual: 1.3.6.1.4.1.39406.1.2.1.4
Benu_VirtualBox: 1.3.6.1.4.1.39406.1.2.1.7
Benu_xMEG_10: 1.3.6.1.4.1.39406.1.2.1.2
Benu_xMEG_100: 1.3.6.1.4.1.39406.1.2.1.1
benuCardIO: 1.3.6.1.4.1.39406.1.2.3.5
benuCardRSM: 1.3.6.1.4.1.39406.1.2.3.1
benuCardSEFP: 1.3.6.1.4.1.39406.1.2.3.4
benuCardShelfMgr: 1.3.6.1.4.1.39406.1.2.3.3
benuCardSwitchFabric: 1.3.6.1.4.1.39406.1.2.3.2
benuCardSwitchMesh: 1.3.6.1.4.1.39406.1.2.3.6
benuCardTypes: 1.3.6.1.4.1.39406.1.2.3
benuCardUnknown: 1.3.6.1.4.1.39406.1.2.3.0
benuChassisTypeMEG100: 1.3.6.1.4.1.39406.1.2.2.1
benuChassisTypeMEG1200: 1.3.6.1.4.1.39406.1.2.2.3
benuChassisTypeMEG400: 1.3.6.1.4.1.39406.1.2.2.2
benuChassisTypeMEG50: 1.3.6.1.4.1.39406.1.2.2.4
benuChassisTypeUnknown: 1.3.6.1.4.1.39406.1.2.2.0
benuChassisTypes: 1.3.6.1.4.1.39406.1.2.2
benuPlatformDefn: 1.3.6.1.4.1.39406.1.2
benuPlatformTypes: 1.3.6.1.4.1.39406.1.2.1
benuPortATM: 1.3.6.1.4.1.39406.1.2.4.9
benuPortBridge: 1.3.6.1.4.1.39406.1.2.4.11
benuPortEthernet: 1.3.6.1.4.1.39406.1.2.4.2
benuPortGige: 1.3.6.1.4.1.39406.1.2.4.1
benuPortIpGre: 1.3.6.1.4.1.39406.1.2.4.10
benuPortLag: 1.3.6.1.4.1.39406.1.2.4.12
benuPortLoopback: 1.3.6.1.4.1.39406.1.2.4.4
benuPortMultiBind: 1.3.6.1.4.1.39406.1.2.4.13
benuPortMultiBindLastResort: 1.3.6.1.4.1.39406.1.2.4.14
benuPortNULL: 1.3.6.1.4.1.39406.1.2.4.6
benuPortPOS: 1.3.6.1.4.1.39406.1.2.4.8
benuPortT1: 1.3.6.1.4.1.39406.1.2.4.5
benuPortTunnel: 1.3.6.1.4.1.39406.1.2.4.7
benuPortTypes: 1.3.6.1.4.1.39406.1.2.4
benuPortUnknown: 1.3.6.1.4.1.39406.1.2.4.0
benuPortl2tp: 1.3.6.1.4.1.39406.1.2.4.3
platformUnknown: 1.3.6.1.4.1.39406.1.2.1.0
