bHttpClientJsonParsingLatencyAvgProcessingTime: 1.3.6.1.4.1.39406.2.1.11.1.1.1.16
bHttpClientJsonParsingLatencyMaxProcessingTime: 1.3.6.1.4.1.39406.2.1.11.1.1.1.14
bHttpClientJsonParsingLatencyMinProcessingTime: 1.3.6.1.4.1.39406.2.1.11.1.1.1.15
bHttpClientJsonParsingLatencyProcessTimeMorethan10MS: 1.3.6.1.4.1.39406.2.1.11.1.1.1.17
bHttpClientJsonParsingLatencyTotalPktCount: 1.3.6.1.4.1.39406.2.1.11.1.1.1.13
bHttpClientLatencyAvgProcessingTime: 1.3.6.1.4.1.39406.2.1.11.1.1.1.6
bHttpClientLatencyEntry: 1.3.6.1.4.1.39406.2.1.11.1.1.1
bHttpClientLatencyMaxProcessingTime: 1.3.6.1.4.1.39406.2.1.11.1.1.1.4
bHttpClientLatencyMinProcessingTime: 1.3.6.1.4.1.39406.2.1.11.1.1.1.5
bHttpClientLatencyProcessTimeMorethan10MSPktCount: 1.3.6.1.4.1.39406.2.1.11.1.1.1.7
bHttpClientLatencyStatsInterval: 1.3.6.1.4.1.39406.2.1.11.1.1.1.1
bHttpClientLatencyStatsIntervalDuration: 1.3.6.1.4.1.39406.2.1.11.1.1.1.2
bHttpClientLatencyTable: 1.3.6.1.4.1.39406.2.1.11.1.1
bHttpClientLatencyTotalPktCount: 1.3.6.1.4.1.39406.2.1.11.1.1.1.3
bHttpClientObjects: 1.3.6.1.4.1.39406.2.1.11.1
bHttpClientServReqLatencyAvgProcessingTime: 1.3.6.1.4.1.39406.2.1.11.1.1.1.11
bHttpClientServReqLatencyMaxProcessingTime: 1.3.6.1.4.1.39406.2.1.11.1.1.1.9
bHttpClientServReqLatencyMinProcessingTime: 1.3.6.1.4.1.39406.2.1.11.1.1.1.10
bHttpClientServReqLatencyProcessTimeMorethan10MSPktCount: 1.3.6.1.4.1.39406.2.1.11.1.1.1.12
bHttpClientServReqLatencyTotalPktCount: 1.3.6.1.4.1.39406.2.1.11.1.1.1.8
benuHttpClientMIB: 1.3.6.1.4.1.39406.2.1.11
