bHttpServLatencyAvgProcessingTime: 1.3.6.1.4.1.39406.2.1.10.1.1.1.6
bHttpServLatencyDeleteAvgProcessingTime: 1.3.6.1.4.1.39406.2.1.10.1.1.1.21
bHttpServLatencyDeleteMaxProcessingTime: 1.3.6.1.4.1.39406.2.1.10.1.1.1.19
bHttpServLatencyDeleteMinProcessingTime: 1.3.6.1.4.1.39406.2.1.10.1.1.1.20
bHttpServLatencyDeleteProcessTimeMorethan1MSPktCount: 1.3.6.1.4.1.39406.2.1.10.1.1.1.22
bHttpServLatencyDeleteTotalPktCount: 1.3.6.1.4.1.39406.2.1.10.1.1.1.18
bHttpServLatencyGetAvgProcessingTime: 1.3.6.1.4.1.39406.2.1.10.1.1.1.11
bHttpServLatencyGetMaxProcessingTime: 1.3.6.1.4.1.39406.2.1.10.1.1.1.9
bHttpServLatencyGetMinProcessingTime: 1.3.6.1.4.1.39406.2.1.10.1.1.1.10
bHttpServLatencyGetProcessTimeMorethan1MSPktCount: 1.3.6.1.4.1.39406.2.1.10.1.1.1.12
bHttpServLatencyGetTotalPktCount: 1.3.6.1.4.1.39406.2.1.10.1.1.1.8
bHttpServLatencyMaxProcessingTime: 1.3.6.1.4.1.39406.2.1.10.1.1.1.4
bHttpServLatencyMinProcessingTime: 1.3.6.1.4.1.39406.2.1.10.1.1.1.5
bHttpServLatencyPostAvgProcessingTime: 1.3.6.1.4.1.39406.2.1.10.1.1.1.16
bHttpServLatencyPostMaxProcessingTime: 1.3.6.1.4.1.39406.2.1.10.1.1.1.14
bHttpServLatencyPostMinProcessingTime: 1.3.6.1.4.1.39406.2.1.10.1.1.1.15
bHttpServLatencyPostProcessTimeMorethan1MSPktCount: 1.3.6.1.4.1.39406.2.1.10.1.1.1.17
bHttpServLatencyPostTotalPktCount: 1.3.6.1.4.1.39406.2.1.10.1.1.1.13
bHttpServLatencyProcessTimeMorethan1MSPktCount: 1.3.6.1.4.1.39406.2.1.10.1.1.1.7
bHttpServLatencyStatsInterval: 1.3.6.1.4.1.39406.2.1.10.1.1.1.1
bHttpServLatencyStatsIntervalDuration: 1.3.6.1.4.1.39406.2.1.10.1.1.1.2
bHttpServLatencyTotalPktCount: 1.3.6.1.4.1.39406.2.1.10.1.1.1.3
bHttpServerLatencyEntry: 1.3.6.1.4.1.39406.2.1.10.1.1.1
bHttpServerLatencyTable: 1.3.6.1.4.1.39406.2.1.10.1.1
bHttpServerObjects: 1.3.6.1.4.1.39406.2.1.10.1
benuHttpServerMIB: 1.3.6.1.4.1.39406.2.1.10
