agentPethFaultStatus: 1.3.6.1.4.1.674.10895.5000.2.6132.1.1.15.1.1.1.9
agentPethHighPowerEnable: 1.3.6.1.4.1.674.10895.5000.2.6132.1.1.15.1.1.1.7
agentPethMainPseEntry: 1.3.6.1.4.1.674.10895.5000.2.6132.1.1.15.1.2.1.1
agentPethMainPseLegacy: 1.3.6.1.4.1.674.10895.5000.2.6132.1.1.15.1.2.1.1.1
agentPethMainPseObjects: 1.3.6.1.4.1.674.10895.5000.2.6132.1.1.15.1.2
agentPethMainPseTable: 1.3.6.1.4.1.674.10895.5000.2.6132.1.1.15.1.2.1
agentPethObjects: 1.3.6.1.4.1.674.10895.5000.2.6132.1.1.15.1
agentPethOutputCurrent: 1.3.6.1.4.1.674.10895.5000.2.6132.1.1.15.1.1.1.3
agentPethOutputPower: 1.3.6.1.4.1.674.10895.5000.2.6132.1.1.15.1.1.1.2
agentPethOutputVolts: 1.3.6.1.4.1.674.10895.5000.2.6132.1.1.15.1.1.1.4
agentPethPortReset: 1.3.6.1.4.1.674.10895.5000.2.6132.1.1.15.1.1.1.10
agentPethPowerDetectionType: 1.3.6.1.4.1.674.10895.5000.2.6132.1.1.15.1.1.1.8
agentPethPowerLimit: 1.3.6.1.4.1.674.10895.5000.2.6132.1.1.15.1.1.1.1
agentPethPowerLimitType: 1.3.6.1.4.1.674.10895.5000.2.6132.1.1.15.1.1.1.6
agentPethPseAutoResetEnable: 1.3.6.1.4.1.674.10895.5000.2.6132.1.1.15.1.3.1.2
agentPethPseEntry: 1.3.6.1.4.1.674.10895.5000.2.6132.1.1.15.1.3.1
agentPethPsePortEntry: 1.3.6.1.4.1.674.10895.5000.2.6132.1.1.15.1.1.1
agentPethPsePortTable: 1.3.6.1.4.1.674.10895.5000.2.6132.1.1.15.1.1
agentPethPsePowerManagementMode: 1.3.6.1.4.1.674.10895.5000.2.6132.1.1.15.1.3.1.1
agentPethPseTable: 1.3.6.1.4.1.674.10895.5000.2.6132.1.1.15.1.3
agentPethTemperature: 1.3.6.1.4.1.674.10895.5000.2.6132.1.1.15.1.1.1.5
fastPathpowerEthernetMIB: 1.3.6.1.4.1.674.10895.5000.2.6132.1.1.15
