dell6224FSwitch: 1.3.6.1.4.1.674.10895.3014
dell6224PSwitch: 1.3.6.1.4.1.674.10895.3012
dell6224Switch: 1.3.6.1.4.1.674.10895.3010
dell6248PSwitch: 1.3.6.1.4.1.674.10895.3013
dell6248Switch: 1.3.6.1.4.1.674.10895.3011
dellM6220Switch: 1.3.6.1.4.1.674.10895.3015
fastPath: 1.3.6.1.4.1.674.10895.5000.2.6132.1.1
lvl7: 1.3.6.1.4.1.674.10895.5000.2.6132
lvl7Products: 1.3.6.1.4.1.674.10895.5000.2.6132.1
