aggregateDataRate: 1.3.6.1.4.1.17713.1.20.3
asymmetricTDD: 1.3.6.1.4.1.17713.1.10.1
bootVersion: 1.3.6.1.4.1.17713.1.19.4
configuration: 1.3.6.1.4.1.17713.1.5
dfsChannelChangeTrap: 1.3.6.1.4.1.17713.1.99.1
dfsImpulsiveInterferenceDetectedTrap: 1.3.6.1.4.1.17713.1.99.2
encryption: 1.3.6.1.4.1.17713.1.22
encryptionAlgorithm: 1.3.6.1.4.1.17713.1.22.1
ethernetFibreSupport: 1.3.6.1.4.1.17713.1.8.4
frequencyVariant: 1.3.6.1.4.1.17713.1.8.5
gatewayIPAddress: 1.3.6.1.4.1.17713.1.5.3
hardwareVersion: 1.3.6.1.4.1.17713.1.19.2
iPAddress: 1.3.6.1.4.1.17713.1.5.1
licence: 1.3.6.1.4.1.17713.1.8
linkLoss: 1.3.6.1.4.1.17713.1.12.5
masterSlaveMode: 1.3.6.1.4.1.17713.1.5.5
maximumTransmitPower: 1.3.6.1.4.1.17713.1.5.6
mgmt: 1.3.6.1.4.1.17713.1.9
motorola: 1.3.6.1.4.1.17713
p2mp: 1.3.6.1.4.1.17713.2
p2p: 1.3.6.1.4.1.17713.1
p2pTraps: 1.3.6.1.4.1.17713.1.99
phyControl: 1.3.6.1.4.1.17713.1.10
phyStatus: 1.3.6.1.4.1.17713.1.12
productName: 1.3.6.1.4.1.17713.1.8.3
productVariant: 1.3.6.1.4.1.17713.1.8.2
pubStats: 1.3.6.1.4.1.17713.1.20
range: 1.3.6.1.4.1.17713.1.12.4
rangingMode: 1.3.6.1.4.1.17713.1.9.2
receiveChannel: 1.3.6.1.4.1.17713.1.12.6
receiveDataRate: 1.3.6.1.4.1.17713.1.20.1
receiveFreq: 1.3.6.1.4.1.17713.1.12.11
receiveModulationMode: 1.3.6.1.4.1.17713.1.12.8
receivePower: 1.3.6.1.4.1.17713.1.12.1
regionCode: 1.3.6.1.4.1.17713.1.8.1
reset: 1.3.6.1.4.1.17713.1.18
secondarySoftwareVersion: 1.3.6.1.4.1.17713.1.19.3
signalStrengthRatio: 1.3.6.1.4.1.17713.1.12.13
softwareVersion: 1.3.6.1.4.1.17713.1.19.1
subnetMask: 1.3.6.1.4.1.17713.1.5.2
systemReset: 1.3.6.1.4.1.17713.1.18.1
targetMACAddress: 1.3.6.1.4.1.17713.1.5.4
targetRange: 1.3.6.1.4.1.17713.1.9.1
transmitChannel: 1.3.6.1.4.1.17713.1.12.7
transmitDataRate: 1.3.6.1.4.1.17713.1.20.2
transmitFreq: 1.3.6.1.4.1.17713.1.12.12
transmitModulationMode: 1.3.6.1.4.1.17713.1.12.9
transmitPower: 1.3.6.1.4.1.17713.1.12.3
vectorError: 1.3.6.1.4.1.17713.1.12.2
versions: 1.3.6.1.4.1.17713.1.19
