cdd564LNBAlarmTrap: 1.3.6.1.4.1.6247.250.6247253
cdd564RxAlarmTrap: 1.3.6.1.4.1.6247.250.6247252
cdd564UnitAlarmTrap: 1.3.6.1.4.1.6247.250.6247251
