cdm570LRxTrafficAlarm: 1.3.6.1.4.1.6247.240.6247243
cdm570LTxTrafficAlarm: 1.3.6.1.4.1.6247.240.6247242
cdm570LUnitAlarm: 1.3.6.1.4.1.6247.240.6247241
