ciscoRsvpCapability: 1.3.6.1.4.1.9.7.10000
ciscoRsvpCapabilityVismV3R00: 1.3.6.1.4.1.9.7.10000.1
