ciscoImageCheck: 1.3.6.1.4.1.9.9.99990.1.1
ciscoImageCheckEntryStatus: 1.3.6.1.4.1.9.9.99990.1.1.1.1.4
ciscoImageCheckImageName: 1.3.6.1.4.1.9.9.99990.1.1.1.1.2
ciscoImageCheckMIB: 1.3.6.1.4.1.9.9.99990
ciscoImageCheckMIBCompliance: 1.3.6.1.4.1.9.9.99990.2.1.1
ciscoImageCheckMIBCompliances: 1.3.6.1.4.1.9.9.99990.2.1
ciscoImageCheckMIBConformance: 1.3.6.1.4.1.9.9.99990.2
ciscoImageCheckMIBGroups: 1.3.6.1.4.1.9.9.99990.2.2
ciscoImageCheckMIBObjects: 1.3.6.1.4.1.9.9.99990.1
ciscoImageCheckOpEntry: 1.3.6.1.4.1.9.9.99990.1.1.1.1
ciscoImageCheckOpGroup: 1.3.6.1.4.1.9.9.99990.2.2.1
ciscoImageCheckOpTable: 1.3.6.1.4.1.9.9.99990.1.1.1
ciscoImageCheckSerialNum: 1.3.6.1.4.1.9.9.99990.1.1.1.1.1
ciscoImageCheckStatus: 1.3.6.1.4.1.9.9.99990.1.1.1.1.3
ciscoImgChkCapabIndex: 1.3.6.1.4.1.9.9.99990.1.1.2.1.2
ciscoImgChkCapabilityName: 1.3.6.1.4.1.9.9.99990.1.1.2.1.4
ciscoImgChkCapabilityReq: 1.3.6.1.4.1.9.9.99990.1.1.2.1.5
ciscoImgChkFeatureIndex: 1.3.6.1.4.1.9.9.99990.1.1.2.1.1
ciscoImgChkFeatureName: 1.3.6.1.4.1.9.9.99990.1.1.2.1.3
ciscoImgChkInCompDescr: 1.3.6.1.4.1.9.9.99990.1.1.2.1.6
ciscoImgChkResultsEntry: 1.3.6.1.4.1.9.9.99990.1.1.2.1
ciscoImgChkResultsGroup: 1.3.6.1.4.1.9.9.99990.2.2.2
ciscoImgChkResultsTable: 1.3.6.1.4.1.9.9.99990.1.1.2
