ciscoWanAtmPartyGroup: 1.3.6.1.4.1.9.9.99998.2.2.2
ciscoWanAtmPartyMIB: 1.3.6.1.4.1.9.9.99998
ciscoWanAtmPartyMIBCompliance: 1.3.6.1.4.1.9.9.99998.2.1.1
ciscoWanAtmPartyMIBCompliances: 1.3.6.1.4.1.9.9.99998.2.1
ciscoWanAtmPartyMIBConform: 1.3.6.1.4.1.9.9.99998.2
ciscoWanAtmPartyMIBGroups: 1.3.6.1.4.1.9.9.99998.2.2
ciscoWanAtmPartyMIBNotifs: 1.3.6.1.4.1.9.9.99998.0
ciscoWanAtmPartyMIBObjects: 1.3.6.1.4.1.9.9.99998.1
cwapAdminStatus: 1.3.6.1.4.1.9.9.99998.1.1.1.1.8
cwapConfig: 1.3.6.1.4.1.9.9.99998.1.1
cwapConfigEntry: 1.3.6.1.4.1.9.9.99998.1.1.1.1
cwapConfigTable: 1.3.6.1.4.1.9.9.99998.1.1.1
cwapIdentifier: 1.3.6.1.4.1.9.9.99998.1.1.1.1.10
cwapNSAPAddress: 1.3.6.1.4.1.9.9.99998.1.1.1.1.4
cwapOperStatus: 1.3.6.1.4.1.9.9.99998.1.1.1.1.9
cwapReference: 1.3.6.1.4.1.9.9.99998.1.1.1.1.3
cwapReroute: 1.3.6.1.4.1.9.9.99998.1.1.1.1.7
cwapRootPhysicalId: 1.3.6.1.4.1.9.9.99998.1.1.1.1.12
cwapRootVci: 1.3.6.1.4.1.9.9.99998.1.1.1.1.2
cwapRootVpi: 1.3.6.1.4.1.9.9.99998.1.1.1.1.1
cwapRowStatus: 1.3.6.1.4.1.9.9.99998.1.1.1.1.13
cwapUploadCounter: 1.3.6.1.4.1.9.9.99998.1.1.1.1.11
cwapVci: 1.3.6.1.4.1.9.9.99998.1.1.1.1.6
cwapVpi: 1.3.6.1.4.1.9.9.99998.1.1.1.1.5
