ciscoWanAtmAddressCugGroup: 1.3.6.1.4.1.9.9.99999.3.2.2
ciscoWanAtmCugGroup: 1.3.6.1.4.1.9.9.99999.3.2.1
ciscoWanAtmCugMIB: 1.3.6.1.4.1.9.9.99999
ciscoWanAtmCugMIBCompliance: 1.3.6.1.4.1.9.9.99999.3.1.1
ciscoWanAtmCugMIBCompliances: 1.3.6.1.4.1.9.9.99999.3.1
ciscoWanAtmCugMIBConformance: 1.3.6.1.4.1.9.9.99999.3
ciscoWanAtmCugMIBGroups: 1.3.6.1.4.1.9.9.99999.3.2
cwaAddressCug: 1.3.6.1.4.1.9.9.99999.1.2
cwaAddressCugEntry: 1.3.6.1.4.1.9.9.99999.1.2.1.1
cwaAddressCugTable: 1.3.6.1.4.1.9.9.99999.1.2.1
cwaAddressLength: 1.3.6.1.4.1.9.9.99999.1.1.1.1.2
cwaAddressPlan: 1.3.6.1.4.1.9.9.99999.1.1.1.1.4
cwaAtmAddress: 1.3.6.1.4.1.9.9.99999.1.1.1.1.1
cwaCallsBarred: 1.3.6.1.4.1.9.9.99999.1.1.1.1.6
cwaCug: 1.3.6.1.4.1.9.9.99999.1.1
cwaCugAtmAddressPlan: 1.3.6.1.4.1.9.9.99999.1.2.1.1.1
cwaCugEntry: 1.3.6.1.4.1.9.9.99999.1.1.1.1
cwaCugIndex: 1.3.6.1.4.1.9.9.99999.1.1.1.1.3
cwaCugMIBNotifications: 1.3.6.1.4.1.9.9.99999.0
cwaCugMIBObjects: 1.3.6.1.4.1.9.9.99999.1
cwaCugRowStatus: 1.3.6.1.4.1.9.9.99999.1.1.1.1.7
cwaCugTable: 1.3.6.1.4.1.9.9.99999.1.1.1
cwaIncomingAccess: 1.3.6.1.4.1.9.9.99999.1.2.1.1.2
cwaInterlockCode: 1.3.6.1.4.1.9.9.99999.1.1.1.1.5
cwaOutgoingAccess: 1.3.6.1.4.1.9.9.99999.1.2.1.1.3
cwaPreferentialCug: 1.3.6.1.4.1.9.9.99999.1.2.1.1.4
