ciscoNtpCapability: 1.3.6.1.4.1.9.7.99999
ciscoNtpCapabilityIOS124: 1.3.6.1.4.1.9.7.99999.3
ciscoNtpCapabilitySANOSV3R0001: 1.3.6.1.4.1.9.7.99999.2
ciscoNtpCapabilityV3R00: 1.3.6.1.4.1.9.7.99999.1
