ciscoSnmpHandshakeGroup: 1.3.6.1.4.1.14179.2.40.2.2.1
ciscoSnmpHandshakeMIB: 1.3.6.1.4.1.14179.2.40
ciscoSnmpHandshakeMIBCompliance: 1.3.6.1.4.1.14179.2.40.2.1.1
ciscoSnmpHandshakeMIBCompliances: 1.3.6.1.4.1.14179.2.40.2.1
ciscoSnmpHandshakeMIBConform: 1.3.6.1.4.1.14179.2.40.2
ciscoSnmpHandshakeMIBGroups: 1.3.6.1.4.1.14179.2.40.2.2
ciscoSnmpHandshakeMIBNotifs: 1.3.6.1.4.1.14179.2.40.0
ciscoSnmpHandshakeMIBObjects: 1.3.6.1.4.1.14179.2.40.1
ciscoSnmpHandshakeProcess: 1.3.6.1.4.1.14179.2.40.1.1
ciscoSnmpHandshakeTest: 1.3.6.1.4.1.14179.2.40.1.2
csHandshakeCheck: 1.3.6.1.4.1.14179.2.40.1.2.1
csHandshakeInit: 1.3.6.1.4.1.14179.2.40.1.1.1
csHandshakeUpdate: 1.3.6.1.4.1.14179.2.40.1.1.2
