cpqMe2FallingAlarm: 1.3.6.1.4.1.2320.10004
cpqMe2RisingAlarm: 1.3.6.1.4.1.2320.10003
cpqMeAlarm: 1.3.6.1.4.1.232.10.2.2
cpqMeAlarmEntry: 1.3.6.1.4.1.232.10.2.2.2.1
cpqMeAlarmExtendedDescription: 1.3.6.1.4.1.232.10.2.2.2.1.13
cpqMeAlarmFallingThreshold: 1.3.6.1.4.1.232.10.2.2.2.1.8
cpqMeAlarmIndex: 1.3.6.1.4.1.232.10.2.2.2.1.1
cpqMeAlarmInterval: 1.3.6.1.4.1.232.10.2.2.2.1.2
cpqMeAlarmNextIndex: 1.3.6.1.4.1.232.10.2.2.1
cpqMeAlarmOwner: 1.3.6.1.4.1.232.10.2.2.2.1.10
cpqMeAlarmPermanence: 1.3.6.1.4.1.232.10.2.2.2.1.9
cpqMeAlarmRisingThreshold: 1.3.6.1.4.1.232.10.2.2.2.1.7
cpqMeAlarmSampleType: 1.3.6.1.4.1.232.10.2.2.2.1.4
cpqMeAlarmSeverity: 1.3.6.1.4.1.232.10.2.2.2.1.12
cpqMeAlarmStartupAlarm: 1.3.6.1.4.1.232.10.2.2.2.1.6
cpqMeAlarmStatus: 1.3.6.1.4.1.232.10.2.2.2.1.11
cpqMeAlarmTable: 1.3.6.1.4.1.232.10.2.2.2
cpqMeAlarmValue: 1.3.6.1.4.1.232.10.2.2.2.1.5
cpqMeAlarmVariable: 1.3.6.1.4.1.232.10.2.2.2.1.3
cpqMeComponent: 1.3.6.1.4.1.232.10.2
cpqMeCriticalFallingAlarmExtended: 1.3.6.1.4.1.2320.10008
cpqMeCriticalRisingAlarmExtended: 1.3.6.1.4.1.2320.10007
cpqMeFallingAlarm: 1.3.6.1.4.1.2320.10002
cpqMeFallingAlarmExtended: 1.3.6.1.4.1.2320.10006
cpqMeInterface: 1.3.6.1.4.1.232.10.2.1
cpqMeMibCondition: 1.3.6.1.4.1.232.10.1.3
cpqMeMibRev: 1.3.6.1.4.1.232.10.1
cpqMeMibRevMajor: 1.3.6.1.4.1.232.10.1.1
cpqMeMibRevMinor: 1.3.6.1.4.1.232.10.1.2
cpqMeOsCommon: 1.3.6.1.4.1.232.10.2.1.4
cpqMeOsCommonModuleDate: 1.3.6.1.4.1.232.10.2.1.4.2.1.4
cpqMeOsCommonModuleEntry: 1.3.6.1.4.1.232.10.2.1.4.2.1
cpqMeOsCommonModuleIndex: 1.3.6.1.4.1.232.10.2.1.4.2.1.1
cpqMeOsCommonModuleName: 1.3.6.1.4.1.232.10.2.1.4.2.1.2
cpqMeOsCommonModulePurpose: 1.3.6.1.4.1.232.10.2.1.4.2.1.5
cpqMeOsCommonModuleTable: 1.3.6.1.4.1.232.10.2.1.4.2
cpqMeOsCommonModuleVersion: 1.3.6.1.4.1.232.10.2.1.4.2.1.3
cpqMeOsCommonPollFreq: 1.3.6.1.4.1.232.10.2.1.4.1
cpqMeRisingAlarm: 1.3.6.1.4.1.2320.10001
cpqMeRisingAlarmExtended: 1.3.6.1.4.1.2320.10005
cpqThresholdMgmt: 1.3.6.1.4.1.232.10
