cpqUps: 1.3.6.1.4.1.232.12
cpqUps2BatteryLow: 1.3.6.1.4.1.2320.12010
cpqUps2Confirmation: 1.3.6.1.4.1.2320.12009
cpqUps2LineFailed: 1.3.6.1.4.1.2320.12006
cpqUps2LineOk: 1.3.6.1.4.1.2320.12007
cpqUps2Shutdown: 1.3.6.1.4.1.2320.12008
cpqUpsAddMemberCommunityStr: 1.3.6.1.4.1.232.12.2.3.3
cpqUpsAddMemberName: 1.3.6.1.4.1.232.12.2.3.2
cpqUpsAlarm: 1.3.6.1.4.1.232.12.2.2.6
cpqUpsAutoShutdownDelay: 1.3.6.1.4.1.232.12.2.2.4
cpqUpsBasic: 1.3.6.1.4.1.232.12.2.2
cpqUpsBatteryLow: 1.3.6.1.4.1.2320.12005
cpqUpsComponent: 1.3.6.1.4.1.232.12.2
cpqUpsConfirmation: 1.3.6.1.4.1.2320.12004
cpqUpsEstimatedBatteryLife: 1.3.6.1.4.1.232.12.2.2.3
cpqUpsFamily: 1.3.6.1.4.1.232.12.2.3
cpqUpsGenericCritical: 1.3.6.1.4.1.2320.12013
cpqUpsGenericInfo: 1.3.6.1.4.1.2320.12014
cpqUpsInterface: 1.3.6.1.4.1.232.12.2.1
cpqUpsLaunchCommand: 1.3.6.1.4.1.232.12.2.2.5
cpqUpsLineFailed: 1.3.6.1.4.1.2320.12001
cpqUpsLineOk: 1.3.6.1.4.1.2320.12002
cpqUpsLineStatus: 1.3.6.1.4.1.232.12.2.2.1
cpqUpsMemberCommunityStr: 1.3.6.1.4.1.232.12.2.3.1.1.3
cpqUpsMemberEntry: 1.3.6.1.4.1.232.12.2.3.1.1
cpqUpsMemberIndex: 1.3.6.1.4.1.232.12.2.3.1.1.1
cpqUpsMemberName: 1.3.6.1.4.1.232.12.2.3.1.1.2
cpqUpsMemberTable: 1.3.6.1.4.1.232.12.2.3.1
cpqUpsMibCondition: 1.3.6.1.4.1.232.12.1.3
cpqUpsMibRev: 1.3.6.1.4.1.232.12.1
cpqUpsMibRevMajor: 1.3.6.1.4.1.232.12.1.1
cpqUpsMibRevMinor: 1.3.6.1.4.1.232.12.1.2
cpqUpsName: 1.3.6.1.4.1.232.12.2.2.2
cpqUpsOsCommon: 1.3.6.1.4.1.232.12.2.1.4
cpqUpsOsCommonModuleDate: 1.3.6.1.4.1.232.12.2.1.4.2.1.4
cpqUpsOsCommonModuleEntry: 1.3.6.1.4.1.232.12.2.1.4.2.1
cpqUpsOsCommonModuleIndex: 1.3.6.1.4.1.232.12.2.1.4.2.1.1
cpqUpsOsCommonModuleName: 1.3.6.1.4.1.232.12.2.1.4.2.1.2
cpqUpsOsCommonModulePurpose: 1.3.6.1.4.1.232.12.2.1.4.2.1.5
cpqUpsOsCommonModuleTable: 1.3.6.1.4.1.232.12.2.1.4.2
cpqUpsOsCommonModuleVersion: 1.3.6.1.4.1.232.12.2.1.4.2.1.3
cpqUpsOsCommonPollFreq: 1.3.6.1.4.1.232.12.2.1.4.1
cpqUpsOverload: 1.3.6.1.4.1.2320.12011
cpqUpsPendingBatteryFailure: 1.3.6.1.4.1.2320.12012
cpqUpsShutdown: 1.3.6.1.4.1.2320.12003
