dell: 1.3.6.1.4.1.674
dellLan: 1.3.6.1.4.1.674.10895
dellLanCommon: 1.3.6.1.4.1.674.10895.5000.1
dellLanExtension: 1.3.6.1.4.1.674.10895.5000.2
dellLanStandard: 1.3.6.1.4.1.674.10895.5000
dellVendorMIBObjects: 1.3.6.1.4.1.674.10895.3000.1
dellVendorNotifications: 1.3.6.1.4.1.674.10895.3000.2
dellVendorTraps: 1.3.6.1.4.1.674.10895.3000.2.1
dellVendorTrapsPrefix: 1.3.6.1.4.1.674.10895.3000.2.1.0
envMonFanState: 1.3.6.1.4.1.674.10895.3000.1.2.110.7.1.1.3
envMonFanStatusDescr: 1.3.6.1.4.1.674.10895.3000.1.2.110.7.1.1.2
envMonFanStatusEntry: 1.3.6.1.4.1.674.10895.3000.1.2.110.7.1.1
envMonFanStatusIndex: 1.3.6.1.4.1.674.10895.3000.1.2.110.7.1.1.1
envMonFanStatusTable: 1.3.6.1.4.1.674.10895.3000.1.2.110.7.1
envMonSupplySource: 1.3.6.1.4.1.674.10895.3000.1.2.110.7.2.1.4
envMonSupplyState: 1.3.6.1.4.1.674.10895.3000.1.2.110.7.2.1.3
envMonSupplyStatusDescr: 1.3.6.1.4.1.674.10895.3000.1.2.110.7.2.1.2
envMonSupplyStatusEntry: 1.3.6.1.4.1.674.10895.3000.1.2.110.7.2.1
envMonSupplyStatusIndex: 1.3.6.1.4.1.674.10895.3000.1.2.110.7.2.1.1
envMonSupplyStatusTable: 1.3.6.1.4.1.674.10895.3000.1.2.110.7.2
hardware: 1.3.6.1.4.1.674.10895.3000.1.2
powerConnectVendorMIB: 1.3.6.1.4.1.674.10895.3000
productIdentification: 1.3.6.1.4.1.674.10895.3000.1.2.100
productIdentificationAssetTag: 1.3.6.1.4.1.674.10895.3000.1.2.100.8.1.3
productIdentificationBannerMotd: 1.3.6.1.4.1.674.10895.3000.1.2.100.9
productIdentificationBannerMotdAckMode: 1.3.6.1.4.1.674.10895.3000.1.2.100.10
productIdentificationBootromVersion: 1.3.6.1.4.1.674.10895.3000.1.2.100.8.1.6
productIdentificationBuildNumber: 1.3.6.1.4.1.674.10895.3000.1.2.100.5
productIdentificationDescription: 1.3.6.1.4.1.674.10895.3000.1.2.100.2
productIdentificationDeviceNetworkName: 1.3.6.1.4.1.674.10895.3000.1.2.100.7
productIdentificationDisplayName: 1.3.6.1.4.1.674.10895.3000.1.2.100.1
productIdentificationPerBoxIndex: 1.3.6.1.4.1.674.10895.3000.1.2.100.8.1.1
productIdentificationPerUnitEntry: 1.3.6.1.4.1.674.10895.3000.1.2.100.8.1
productIdentificationPerUnitTable: 1.3.6.1.4.1.674.10895.3000.1.2.100.8
productIdentificationSerialNumber: 1.3.6.1.4.1.674.10895.3000.1.2.100.8.1.2
productIdentificationServiceTag: 1.3.6.1.4.1.674.10895.3000.1.2.100.8.1.4
productIdentificationURL: 1.3.6.1.4.1.674.10895.3000.1.2.100.6
productIdentificationVendor: 1.3.6.1.4.1.674.10895.3000.1.2.100.3
productIdentificationVersion: 1.3.6.1.4.1.674.10895.3000.1.2.100.4
productStatus: 1.3.6.1.4.1.674.10895.3000.1.2.110
productStatusEnvironment: 1.3.6.1.4.1.674.10895.3000.1.2.110.7
productStatusGeneratingTrapsFlag: 1.3.6.1.4.1.674.10895.3000.1.2.110.6
productStatusGetTimeOut: 1.3.6.1.4.1.674.10895.3000.1.2.110.4
productStatusGlobalStatus: 1.3.6.1.4.1.674.10895.3000.1.2.110.1
productStatusGlobalStatusChange: 1.3.6.1.4.1.674.10895.3000.2.1.0.1
productStatusLastGlobalStatus: 1.3.6.1.4.1.674.10895.3000.1.2.110.2
productStatusRefreshRate: 1.3.6.1.4.1.674.10895.3000.1.2.110.5
productStatusTimeStamp: 1.3.6.1.4.1.674.10895.3000.1.2.110.3
