extrahop: 1.3.6.1.4.1.32015
extrahopAlert: 1.3.6.1.4.1.32015.1
extrahopAlertComment: 1.3.6.1.4.1.32015.1.2
extrahopAlertExpr: 1.3.6.1.4.1.32015.1.5
extrahopAlertName: 1.3.6.1.4.1.32015.1.1
extrahopAlertObjectIPAddr: 1.3.6.1.4.1.32015.1.11
extrahopAlertObjectId: 1.3.6.1.4.1.32015.1.8
extrahopAlertObjectMACAddr: 1.3.6.1.4.1.32015.1.10
extrahopAlertObjectName: 1.3.6.1.4.1.32015.1.4
extrahopAlertObjectStrId: 1.3.6.1.4.1.32015.1.9
extrahopAlertObjectTags: 1.3.6.1.4.1.32015.1.12
extrahopAlertObjectType: 1.3.6.1.4.1.32015.1.3
extrahopAlertObjectURL: 1.3.6.1.4.1.32015.1.13
extrahopAlertSeverity: 1.3.6.1.4.1.32015.1.16
extrahopAlertStatFieldName: 1.3.6.1.4.1.32015.1.15
extrahopAlertStatName: 1.3.6.1.4.1.32015.1.14
extrahopAlertTime: 1.3.6.1.4.1.32015.1.7
extrahopAlertTrap: 1.3.6.1.4.1.32015.2.1
extrahopAlertValue: 1.3.6.1.4.1.32015.1.6
extrahopInfo: 1.3.6.1.4.1.32015.0
extrahopInfoVersionBranchRelease: 1.3.6.1.4.1.32015.0.3
extrahopInfoVersionMajor: 1.3.6.1.4.1.32015.0.1
extrahopInfoVersionMinor: 1.3.6.1.4.1.32015.0.2
extrahopInfoVersionRevision: 1.3.6.1.4.1.32015.0.4
extrahopInfoVersionString: 1.3.6.1.4.1.32015.0.0
extrahopNotificationGroup: 1.3.6.1.4.1.32015.4.2
extrahopObjectGroup: 1.3.6.1.4.1.32015.4.1
extrahopObjects: 1.3.6.1.4.1.32015.4
extrahopStats: 1.3.6.1.4.1.32015.3
extrahopStatsBytesSinceBoot: 1.3.6.1.4.1.32015.3.2
extrahopStatsPktsSinceBoot: 1.3.6.1.4.1.32015.3.1
extrahopStorageAlert: 1.3.6.1.4.1.32015.5
extrahopStorageAlertDetails: 1.3.6.1.4.1.32015.5.4
extrahopStorageAlertDevice: 1.3.6.1.4.1.32015.5.2
extrahopStorageAlertMachine: 1.3.6.1.4.1.32015.5.6
extrahopStorageAlertRole: 1.3.6.1.4.1.32015.5.1
extrahopStorageAlertSeverity: 1.3.6.1.4.1.32015.5.5
extrahopStorageAlertStatus: 1.3.6.1.4.1.32015.5.3
extrahopStorageAlertTrap: 1.3.6.1.4.1.32015.2.2
extrahopTraps: 1.3.6.1.4.1.32015.2
