boxServicesFanDutyLevel: 1.3.6.1.4.1.674.10895.5000.2.6132.1.1.43.1.6.1.5
boxServicesFanItemState: 1.3.6.1.4.1.674.10895.5000.2.6132.1.1.43.1.6.1.3
boxServicesFanItemType: 1.3.6.1.4.1.674.10895.5000.2.6132.1.1.43.1.6.1.2
boxServicesFanSpeed: 1.3.6.1.4.1.674.10895.5000.2.6132.1.1.43.1.6.1.4
boxServicesFanStateTrapEnable: 1.3.6.1.4.1.674.10895.5000.2.6132.1.1.43.1.5
boxServicesFansEntry: 1.3.6.1.4.1.674.10895.5000.2.6132.1.1.43.1.6.1
boxServicesFansIndex: 1.3.6.1.4.1.674.10895.5000.2.6132.1.1.43.1.6.1.1
boxServicesFansTable: 1.3.6.1.4.1.674.10895.5000.2.6132.1.1.43.1.6
boxServicesGroup: 1.3.6.1.4.1.674.10895.5000.2.6132.1.1.43.1
boxServicesNormalTempRangeMax: 1.3.6.1.4.1.674.10895.5000.2.6132.1.1.43.1.2
boxServicesNormalTempRangeMin: 1.3.6.1.4.1.674.10895.5000.2.6132.1.1.43.1.1
boxServicesNotificationsGroup: 1.3.6.1.4.1.674.10895.5000.2.6132.1.1.43.2
boxServicesPSMStateTrapEnable: 1.3.6.1.4.1.674.10895.5000.2.6132.1.1.43.1.4
boxServicesPowSuppliesEntry: 1.3.6.1.4.1.674.10895.5000.2.6132.1.1.43.1.7.1
boxServicesPowSuppliesTable: 1.3.6.1.4.1.674.10895.5000.2.6132.1.1.43.1.7
boxServicesPowSupplyIndex: 1.3.6.1.4.1.674.10895.5000.2.6132.1.1.43.1.7.1.1
boxServicesPowSupplyItemState: 1.3.6.1.4.1.674.10895.5000.2.6132.1.1.43.1.7.1.3
boxServicesPowSupplyItemType: 1.3.6.1.4.1.674.10895.5000.2.6132.1.1.43.1.7.1.2
boxServicesTempSensorIndex: 1.3.6.1.4.1.674.10895.5000.2.6132.1.1.43.1.8.1.1
boxServicesTempSensorState: 1.3.6.1.4.1.674.10895.5000.2.6132.1.1.43.1.8.1.3
boxServicesTempSensorTemperature: 1.3.6.1.4.1.674.10895.5000.2.6132.1.1.43.1.8.1.4
boxServicesTempSensorType: 1.3.6.1.4.1.674.10895.5000.2.6132.1.1.43.1.8.1.2
boxServicesTempSensorsEntry: 1.3.6.1.4.1.674.10895.5000.2.6132.1.1.43.1.8.1
boxServicesTempSensorsTable: 1.3.6.1.4.1.674.10895.5000.2.6132.1.1.43.1.8
boxServicesTemperatureTrapEnable: 1.3.6.1.4.1.674.10895.5000.2.6132.1.1.43.1.3
boxsFanStateChange: 1.3.6.1.4.1.674.10895.5000.2.6132.1.1.43.0.1
boxsItemStateChangeEvent: 1.3.6.1.4.1.674.10895.5000.2.6132.1.1.43.2.1
boxsPowSupplyStateChange: 1.3.6.1.4.1.674.10895.5000.2.6132.1.1.43.0.2
boxsTemperatureChange: 1.3.6.1.4.1.674.10895.5000.2.6132.1.1.43.0.3
boxsTemperatureChangeEvent: 1.3.6.1.4.1.674.10895.5000.2.6132.1.1.43.2.2
fastPathBoxServices: 1.3.6.1.4.1.674.10895.5000.2.6132.1.1.43
fastPathBoxServicesTraps: 1.3.6.1.4.1.674.10895.5000.2.6132.1.1.43.0
