etsBasicGroup: 1.3.6.1.4.1.28507.4.3.1.1
etsCompls: 1.3.6.1.4.1.28507.4.3.2
etsConf: 1.3.6.1.4.1.28507.4.3
etsEvents: 1.3.6.1.4.1.28507.4.0
etsGroups: 1.3.6.1.4.1.28507.4.3.1
etsManualSelectEvt: 1.3.6.1.4.1.28507.4.0.3
etsNotificationGroup: 1.3.6.1.4.1.28507.4.3.1.2
etsObjects: 1.3.6.1.4.1.28507.4.1
etsPowerSelect: 1.3.6.1.4.1.28507.4.1.5
etsPowerSelectEvt: 1.3.6.1.4.1.28507.4.0.4
etsPrimPowAvail: 1.3.6.1.4.1.28507.4.1.2
etsPrimaryPowerChangeEvt: 1.3.6.1.4.1.28507.4.0.1
etsSNMPaccess: 1.3.6.1.4.1.28507.4.1.1
etsSecManualSelect: 1.3.6.1.4.1.28507.4.1.4
etsSecPowAvail: 1.3.6.1.4.1.28507.4.1.3
etsSecondaryPowerChangeEvt: 1.3.6.1.4.1.28507.4.0.2
etsTrapCtrl: 1.3.6.1.4.1.28507.4.1.1.1
etsTrapIPAddr: 1.3.6.1.4.1.28507.4.1.1.2.1.2
etsTrapIPEntry: 1.3.6.1.4.1.28507.4.1.1.2.1
etsTrapIPIndex: 1.3.6.1.4.1.28507.4.1.1.2.1.1
etsTrapIPPort: 1.3.6.1.4.1.28507.4.1.1.2.1.3
etsTrapIPTable: 1.3.6.1.4.1.28507.4.1.1.2
gadsETS: 1.3.6.1.4.1.28507.4
gudeads: 1.3.6.1.4.1.28507
