hh3cDot11AcDropFrameCnt: 1.3.6.1.4.1.25506.2.75.7.2.2.1.2
hh3cDot11QosAPID: 1.3.6.1.4.1.25506.2.75.7.2.1.1.1
hh3cDot11QosAcStatisEntry: 1.3.6.1.4.1.25506.2.75.7.2.2.1
hh3cDot11QosAcStatisTable: 1.3.6.1.4.1.25506.2.75.7.2.2
hh3cDot11QosAcType: 1.3.6.1.4.1.25506.2.75.7.2.2.1.1
hh3cDot11QosAverageDataRate: 1.3.6.1.4.1.25506.2.75.7.2.1.1.5
hh3cDot11QosAverageQueLen: 1.3.6.1.4.1.25506.2.75.7.2.1.1.3
hh3cDot11QosDropFrameRatio: 1.3.6.1.4.1.25506.2.75.7.2.1.1.4
hh3cDot11QosGroup: 1.3.6.1.4.1.25506.2.75.7.2
hh3cDot11QosRadioID: 1.3.6.1.4.1.25506.2.75.7.2.1.1.2
hh3cDot11QosStatisEntry: 1.3.6.1.4.1.25506.2.75.7.2.1.1
hh3cDot11QosStatisTable: 1.3.6.1.4.1.25506.2.75.7.2.1
hh3cDot11RFAPID: 1.3.6.1.4.1.25506.2.75.7.1.1.1.1
hh3cDot11RFAverageSignalStrength: 1.3.6.1.4.1.25506.2.75.7.1.1.1.4
hh3cDot11RFGroup: 1.3.6.1.4.1.25506.2.75.7.1
hh3cDot11RFMaxSignalStrength: 1.3.6.1.4.1.25506.2.75.7.1.1.1.5
hh3cDot11RFMinSignalStrength: 1.3.6.1.4.1.25506.2.75.7.1.1.1.6
hh3cDot11RFRadioID: 1.3.6.1.4.1.25506.2.75.7.1.1.1.2
hh3cDot11RFSignalStatisEntry: 1.3.6.1.4.1.25506.2.75.7.1.1.1
hh3cDot11RFSignalStatisInterv: 1.3.6.1.4.1.25506.2.75.7.1.1.1.3
hh3cDot11RFSignalStatisTable: 1.3.6.1.4.1.25506.2.75.7.1.1
hh3cDot11WLANEXT: 1.3.6.1.4.1.25506.2.75.7
