hh3cMinmIsid: 1.3.6.1.4.1.25506.2.105.1.2.1.4
hh3cVsi: 1.3.6.1.4.1.25506.2.105
hh3cVsiAdminState: 1.3.6.1.4.1.25506.2.105.1.2.1.8
hh3cVsiEnableHubSpoke: 1.3.6.1.4.1.25506.2.105.1.2.1.7
hh3cVsiEntry: 1.3.6.1.4.1.25506.2.105.1.2.1
hh3cVsiId: 1.3.6.1.4.1.25506.2.105.1.2.1.5
hh3cVsiIndex: 1.3.6.1.4.1.25506.2.105.1.2.1.1
hh3cVsiMode: 1.3.6.1.4.1.25506.2.105.1.2.1.3
hh3cVsiName: 1.3.6.1.4.1.25506.2.105.1.2.1.2
hh3cVsiNextAvailableVsiIndex: 1.3.6.1.4.1.25506.2.105.1.1.1
hh3cVsiObjects: 1.3.6.1.4.1.25506.2.105.1
hh3cVsiRowStatus: 1.3.6.1.4.1.25506.2.105.1.2.1.9
hh3cVsiScalarGroup: 1.3.6.1.4.1.25506.2.105.1.1
hh3cVsiSpbIsid: 1.3.6.1.4.1.25506.2.105.1.2.1.10
hh3cVsiTable: 1.3.6.1.4.1.25506.2.105.1.2
hh3cVsiTransMode: 1.3.6.1.4.1.25506.2.105.1.2.1.6
hh3cVsiXconnectAccessMode: 1.3.6.1.4.1.25506.2.105.1.3.1.4
hh3cVsiXconnectEntry: 1.3.6.1.4.1.25506.2.105.1.3.1
hh3cVsiXconnectEvcSrvInstId: 1.3.6.1.4.1.25506.2.105.1.3.1.2
hh3cVsiXconnectHubSpoke: 1.3.6.1.4.1.25506.2.105.1.3.1.5
hh3cVsiXconnectIfIndex: 1.3.6.1.4.1.25506.2.105.1.3.1.1
hh3cVsiXconnectRowStatus: 1.3.6.1.4.1.25506.2.105.1.3.1.6
hh3cVsiXconnectTable: 1.3.6.1.4.1.25506.2.105.1.3
hh3cVsiXconnectVsiName: 1.3.6.1.4.1.25506.2.105.1.3.1.3
