hh3cDifferentProtocolNumAllPort: 1.3.6.1.4.1.25506.2.16.1.7
hh3cProtocolNumAllPort: 1.3.6.1.4.1.25506.2.16.1.3
hh3cProtocolNumAllVlan: 1.3.6.1.4.1.25506.2.16.1.1
hh3cProtocolNumPerPort: 1.3.6.1.4.1.25506.2.16.1.4
hh3cProtocolNumPerVlan: 1.3.6.1.4.1.25506.2.16.1.2
hh3cProtocolVlan: 1.3.6.1.4.1.25506.2.16
hh3cProtocolVlanCompliance: 1.3.6.1.4.1.25506.2.16.2.1.1
hh3cProtocolVlanCompliances: 1.3.6.1.4.1.25506.2.16.2.1
hh3cProtocolVlanConformance: 1.3.6.1.4.1.25506.2.16.2
hh3cProtocolVlanEntry: 1.3.6.1.4.1.25506.2.16.1.5.1
hh3cProtocolVlanGroups: 1.3.6.1.4.1.25506.2.16.2.2
hh3cProtocolVlanOperate: 1.3.6.1.4.1.25506.2.16.1
hh3cProtocolVlanOperateGroup: 1.3.6.1.4.1.25506.2.16.2.2.1
hh3cProtocolVlanPortEntry: 1.3.6.1.4.1.25506.2.16.1.6.1
hh3cProtocolVlanPortGroup: 1.3.6.1.4.1.25506.2.16.2.2.3
hh3cProtocolVlanPortIndex: 1.3.6.1.4.1.25506.2.16.1.6.1.1
hh3cProtocolVlanPortProtocolId: 1.3.6.1.4.1.25506.2.16.1.6.1.3
hh3cProtocolVlanPortProtocolSubType: 1.3.6.1.4.1.25506.2.16.1.6.1.5
hh3cProtocolVlanPortProtocolType: 1.3.6.1.4.1.25506.2.16.1.6.1.4
hh3cProtocolVlanPortRowStatus: 1.3.6.1.4.1.25506.2.16.1.6.1.7
hh3cProtocolVlanPortTable: 1.3.6.1.4.1.25506.2.16.1.6
hh3cProtocolVlanPortTypeValue: 1.3.6.1.4.1.25506.2.16.1.6.1.6
hh3cProtocolVlanPortVlanId: 1.3.6.1.4.1.25506.2.16.1.6.1.2
hh3cProtocolVlanProtocolGroup: 1.3.6.1.4.1.25506.2.16.2.2.2
hh3cProtocolVlanProtocolIndex: 1.3.6.1.4.1.25506.2.16.1.5.1.2
hh3cProtocolVlanProtocolSubType: 1.3.6.1.4.1.25506.2.16.1.5.1.4
hh3cProtocolVlanProtocolType: 1.3.6.1.4.1.25506.2.16.1.5.1.3
hh3cProtocolVlanProtocolTypeValue: 1.3.6.1.4.1.25506.2.16.1.5.1.5
hh3cProtocolVlanRowStatus: 1.3.6.1.4.1.25506.2.16.1.5.1.6
hh3cProtocolVlanTable: 1.3.6.1.4.1.25506.2.16.1.5
hh3cProtocolVlanVlanId: 1.3.6.1.4.1.25506.2.16.1.5.1.1
