hh3cCATVTansTrap: 1.3.6.1.4.1.25506.2.94.3
hh3cCATVTransCtrlScalarObjects: 1.3.6.1.4.1.25506.2.94.2.1
hh3cCATVTransInputPwr: 1.3.6.1.4.1.25506.2.94.1.1.2
hh3cCATVTransInputPwrLowerThr: 1.3.6.1.4.1.25506.2.94.2.1.1
hh3cCATVTransInputPwrReTrap: 1.3.6.1.4.1.25506.2.94.3.0.2
hh3cCATVTransInputPwrTrap: 1.3.6.1.4.1.25506.2.94.3.0.1
hh3cCATVTransOutputLevel: 1.3.6.1.4.1.25506.2.94.1.1.3
hh3cCATVTransOutputLvlLowerThr: 1.3.6.1.4.1.25506.2.94.2.1.2
hh3cCATVTransOutputLvlReTrap: 1.3.6.1.4.1.25506.2.94.3.0.4
hh3cCATVTransOutputLvlTrap: 1.3.6.1.4.1.25506.2.94.3.0.3
hh3cCATVTransState: 1.3.6.1.4.1.25506.2.94.1.1.1
hh3cCATVTransStatus: 1.3.6.1.4.1.25506.2.94.1
hh3cCATVTransStatusScalarObjects: 1.3.6.1.4.1.25506.2.94.1.1
hh3cCATVTransTemperature: 1.3.6.1.4.1.25506.2.94.1.1.4
hh3cCATVTransTemperatureReTrap: 1.3.6.1.4.1.25506.2.94.3.0.6
hh3cCATVTransTemperatureTrap: 1.3.6.1.4.1.25506.2.94.3.0.5
hh3cCATVTransTempratureUpperThr: 1.3.6.1.4.1.25506.2.94.2.1.3
hh3cCATVTransTrapPrefix: 1.3.6.1.4.1.25506.2.94.3.0
hh3cCATVTransceiver: 1.3.6.1.4.1.25506.2.94
hh3cCATVTransceiverMan: 1.3.6.1.4.1.25506.2.94.2
