hh3cTRNG: 1.3.6.1.4.1.25506.8.13
hh3cTRNGGroup: 1.3.6.1.4.1.25506.8.13.3.2.1
hh3cTRNGMibCompliance: 1.3.6.1.4.1.25506.8.13.3.1.1
hh3cTRNGMibCompliances: 1.3.6.1.4.1.25506.8.13.3.1
hh3cTRNGMibConformance: 1.3.6.1.4.1.25506.8.13.3
hh3cTRNGMibGroups: 1.3.6.1.4.1.25506.8.13.3.2
hh3cTRNGMibObjects: 1.3.6.1.4.1.25506.8.13.1
hh3cTimerangeAbsolueRowStatus: 1.3.6.1.4.1.25506.8.13.1.2.1.5
hh3cTimerangeAbsoluteEndTime: 1.3.6.1.4.1.25506.8.13.1.2.1.4
hh3cTimerangeAbsoluteStartTime: 1.3.6.1.4.1.25506.8.13.1.2.1.3
hh3cTimerangePeriodicEndTime: 1.3.6.1.4.1.25506.8.13.1.3.1.5
hh3cTimerangePeriodicRowStatus: 1.3.6.1.4.1.25506.8.13.1.3.1.6
hh3cTimerangePeriodicStartTime: 1.3.6.1.4.1.25506.8.13.1.3.1.4
hh3cTrngAbsoluteEntry: 1.3.6.1.4.1.25506.8.13.1.2.1
hh3cTrngAbsoluteNameIndex: 1.3.6.1.4.1.25506.8.13.1.2.1.1
hh3cTrngAbsoluteSubIndex: 1.3.6.1.4.1.25506.8.13.1.2.1.2
hh3cTrngAbsoluteTable: 1.3.6.1.4.1.25506.8.13.1.2
hh3cTrngCreateRowStatus: 1.3.6.1.4.1.25506.8.13.1.1.1.4
hh3cTrngCreateTimerangeEntry: 1.3.6.1.4.1.25506.8.13.1.1.1
hh3cTrngCreateTimerangeTable: 1.3.6.1.4.1.25506.8.13.1.1
hh3cTrngIndex: 1.3.6.1.4.1.25506.8.13.1.1.1.1
hh3cTrngName: 1.3.6.1.4.1.25506.8.13.1.1.1.2
hh3cTrngPeriodicDayOfWeek: 1.3.6.1.4.1.25506.8.13.1.3.1.3
hh3cTrngPeriodicEntry: 1.3.6.1.4.1.25506.8.13.1.3.1
hh3cTrngPeriodicNameIndex: 1.3.6.1.4.1.25506.8.13.1.3.1.1
hh3cTrngPeriodicSubIndex: 1.3.6.1.4.1.25506.8.13.1.3.1.2
hh3cTrngPeriodicTable: 1.3.6.1.4.1.25506.8.13.1.3
hh3cTrngValidFlag: 1.3.6.1.4.1.25506.8.13.1.1.1.3
