hh3cHPEOC: 1.3.6.1.4.1.25506.2.84
hh3cHPEOCAutoUpObjects: 1.3.6.1.4.1.25506.2.84.1.11
hh3cHPEOCAvgBitsPerCarrier: 1.3.6.1.4.1.25506.2.84.2.1.1.2
hh3cHPEOCAvgInPBCRCErrors: 1.3.6.1.4.1.25506.2.84.2.1.1.4
hh3cHPEOCAvgOutPBCRCErrors: 1.3.6.1.4.1.25506.2.84.2.1.1.7
hh3cHPEOCAvgOutPower: 1.3.6.1.4.1.25506.2.84.2.1.1.6
hh3cHPEOCAvgSNRPerCarrier: 1.3.6.1.4.1.25506.2.84.2.1.1.3
hh3cHPEOCBitPerSymbol: 1.3.6.1.4.1.25506.2.84.2.2.1.2
hh3cHPEOCBitPerSymbolEntry: 1.3.6.1.4.1.25506.2.84.2.2.1
hh3cHPEOCBitPerSymbolIndex: 1.3.6.1.4.1.25506.2.84.2.2.1.1
hh3cHPEOCBitPerSymbolTable: 1.3.6.1.4.1.25506.2.84.2.2
hh3cHPEOCCableInfo: 1.3.6.1.4.1.25506.2.84.2
hh3cHPEOCCableInfoEntry: 1.3.6.1.4.1.25506.2.84.2.1.1
hh3cHPEOCCableInfoTable: 1.3.6.1.4.1.25506.2.84.2.1
hh3cHPEOCCltAutoUpgrade: 1.3.6.1.4.1.25506.2.84.1.5
hh3cHPEOCCltAutoUpgradeType: 1.3.6.1.4.1.25506.2.84.1.10
hh3cHPEOCCltDescr: 1.3.6.1.4.1.25506.2.84.1.3.1.1
hh3cHPEOCCltEthPortType: 1.3.6.1.4.1.25506.2.84.1.2.1.1
hh3cHPEOCCltFwVersion: 1.3.6.1.4.1.25506.2.84.1.3.1.2
hh3cHPEOCCltLinkState: 1.3.6.1.4.1.25506.2.84.1.3.1.3
hh3cHPEOCCltLoopbackDetect: 1.3.6.1.4.1.25506.2.84.1.12
hh3cHPEOCCltSysManEntry: 1.3.6.1.4.1.25506.2.84.1.3.1
hh3cHPEOCCltSysManTable: 1.3.6.1.4.1.25506.2.84.1.3
hh3cHPEOCCltVlanManEntry: 1.3.6.1.4.1.25506.2.84.1.2.1
hh3cHPEOCCltVlanManTable: 1.3.6.1.4.1.25506.2.84.1.2
hh3cHPEOCCltVlanType: 1.3.6.1.4.1.25506.2.84.1.1
hh3cHPEOCCnuAnonymStatus: 1.3.6.1.4.1.25506.2.84.1.4.1.2
hh3cHPEOCCnuBcastControl: 1.3.6.1.4.1.25506.2.84.1.4.1.1
hh3cHPEOCCnuMacLimit: 1.3.6.1.4.1.25506.2.84.1.4.1.3
hh3cHPEOCCnuSysManEntry: 1.3.6.1.4.1.25506.2.84.1.4.1
hh3cHPEOCCnuSysManTable: 1.3.6.1.4.1.25506.2.84.1.4
hh3cHPEOCCpuMacAddress: 1.3.6.1.4.1.25506.2.84.1.7
hh3cHPEOCDownLoadCNUFWResult: 1.3.6.1.4.1.25506.2.84.1.9
hh3cHPEOCFECErrors: 1.3.6.1.4.1.25506.2.84.2.1.1.1
hh3cHPEOCInTotalPkts: 1.3.6.1.4.1.25506.2.84.2.1.1.5
hh3cHPEOCOffLineCnuNumber: 1.3.6.1.4.1.25506.2.84.1.8
hh3cHPEOCOnLineCnuNumber: 1.3.6.1.4.1.25506.2.84.1.6
hh3cHPEOCOutTotalPkts: 1.3.6.1.4.1.25506.2.84.2.1.1.8
hh3cHPEOCServerAddress: 1.3.6.1.4.1.25506.2.84.1.11.1
hh3cHPEOCServerPassword: 1.3.6.1.4.1.25506.2.84.1.11.3
hh3cHPEOCServerUser: 1.3.6.1.4.1.25506.2.84.1.11.2
hh3cHPEOCSystem: 1.3.6.1.4.1.25506.2.84.1
