hh3cEvc: 1.3.6.1.4.1.25506.2.106
hh3cEvcObjects: 1.3.6.1.4.1.25506.2.106.1
hh3cEvcPortMaxSrvInstNum: 1.3.6.1.4.1.25506.2.106.1.1.2
hh3cEvcScalarGroup: 1.3.6.1.4.1.25506.2.106.1.1
hh3cEvcSrvInstCarEntry: 1.3.6.1.4.1.25506.2.106.1.3.1
hh3cEvcSrvInstCarTable: 1.3.6.1.4.1.25506.2.106.1.3
hh3cEvcSrvInstEnableInStat: 1.3.6.1.4.1.25506.2.106.1.2.1.6
hh3cEvcSrvInstEnableOutStat: 1.3.6.1.4.1.25506.2.106.1.2.1.7
hh3cEvcSrvInstEncap: 1.3.6.1.4.1.25506.2.106.1.2.1.2
hh3cEvcSrvInstEncapCapabilities: 1.3.6.1.4.1.25506.2.106.1.1.1
hh3cEvcSrvInstEntry: 1.3.6.1.4.1.25506.2.106.1.2.1
hh3cEvcSrvInstId: 1.3.6.1.4.1.25506.2.106.1.2.1.1
hh3cEvcSrvInstInBytes: 1.3.6.1.4.1.25506.2.106.1.4.1.2
hh3cEvcSrvInstInCarIndex: 1.3.6.1.4.1.25506.2.106.1.3.1.1
hh3cEvcSrvInstInPackets: 1.3.6.1.4.1.25506.2.106.1.4.1.1
hh3cEvcSrvInstOutBytes: 1.3.6.1.4.1.25506.2.106.1.4.1.4
hh3cEvcSrvInstOutCarIndex: 1.3.6.1.4.1.25506.2.106.1.3.1.2
hh3cEvcSrvInstOutPackets: 1.3.6.1.4.1.25506.2.106.1.4.1.3
hh3cEvcSrvInstRowStatus: 1.3.6.1.4.1.25506.2.106.1.2.1.5
hh3cEvcSrvInstStatInfoEntry: 1.3.6.1.4.1.25506.2.106.1.4.1
hh3cEvcSrvInstStatInfoTable: 1.3.6.1.4.1.25506.2.106.1.4
hh3cEvcSrvInstSvlanIdListHigh: 1.3.6.1.4.1.25506.2.106.1.2.1.4
hh3cEvcSrvInstSvlanIdListLow: 1.3.6.1.4.1.25506.2.106.1.2.1.3
hh3cEvcSrvInstTable: 1.3.6.1.4.1.25506.2.106.1.2
