hh3cBackBoardModeSetFuilure: 1.3.6.1.4.1.25506.8.35.12.1.21
hh3cBackBoardModeSetOK: 1.3.6.1.4.1.25506.8.35.12.1.22
hh3cBoardFailure: 1.3.6.1.4.1.25506.8.35.12.1.10
hh3cBoardInserted: 1.3.6.1.4.1.25506.8.35.12.1.9
hh3cBoardNormal: 1.3.6.1.4.1.25506.8.35.12.1.11
hh3cBoardRemoved: 1.3.6.1.4.1.25506.8.35.12.1.8
hh3cBoardTemperatureFormHigherToNormal: 1.3.6.1.4.1.25506.8.35.12.1.17
hh3cBoardTemperatureFromLowerToNormal: 1.3.6.1.4.1.25506.8.35.12.1.15
hh3cBoardTemperatureHigher: 1.3.6.1.4.1.25506.8.35.12.1.16
hh3cBoardTemperatureLower: 1.3.6.1.4.1.25506.8.35.12.1.14
hh3cBootImageUpdated: 1.3.6.1.4.1.25506.8.35.12.1.24
hh3cFanNormal: 1.3.6.1.4.1.25506.8.35.12.1.7
hh3cLoadFailure: 1.3.6.1.4.1.25506.8.35.12.1.19
hh3cLoadFinished: 1.3.6.1.4.1.25506.8.35.12.1.20
hh3cLswTrapMib: 1.3.6.1.4.1.25506.8.35.12
hh3cMasterPowerNormal: 1.3.6.1.4.1.25506.8.35.12.1.3
hh3cPowerInserted: 1.3.6.1.4.1.25506.8.35.12.1.23
hh3cPowerNormal: 1.3.6.1.4.1.25506.8.35.12.1.2
hh3cPowerRemoved: 1.3.6.1.4.1.25506.8.35.12.1.5
hh3cRequestLoading: 1.3.6.1.4.1.25506.8.35.12.1.18
hh3cSlavePowerNormal: 1.3.6.1.4.1.25506.8.35.12.1.4
hh3cSubcardInsert: 1.3.6.1.4.1.25506.8.35.12.1.13
hh3cSubcardRemove: 1.3.6.1.4.1.25506.8.35.12.1.12
hh3cfanfailure: 1.3.6.1.4.1.25506.8.35.12.1.6
hh3cpowerfailure: 1.3.6.1.4.1.25506.8.35.12.1.1
hh3csLswTRAPMibObject: 1.3.6.1.4.1.25506.8.35.12.1
