hh3cCfCardContainedIn: 1.3.6.1.4.1.25506.2.41.1.1.2.2.1.3
hh3cCfCardDescription: 1.3.6.1.4.1.25506.2.41.1.1.2.2.1.5
hh3cCfCardFirewareVersion: 1.3.6.1.4.1.25506.2.41.1.1.2.2.1.7
hh3cCfCardFreeSize: 1.3.6.1.4.1.25506.2.41.1.1.2.2.1.12
hh3cCfCardHotSwapOff: 1.3.6.1.4.1.25506.2.41.1.2.0.2
hh3cCfCardHotSwapOn: 1.3.6.1.4.1.25506.2.41.1.2.0.1
hh3cCfCardIndex: 1.3.6.1.4.1.25506.2.41.1.1.2.2.1.1
hh3cCfCardInfoEntry: 1.3.6.1.4.1.25506.2.41.1.1.2.2.1
hh3cCfCardInfoObjects: 1.3.6.1.4.1.25506.2.41.1.1.2
hh3cCfCardInfoTable: 1.3.6.1.4.1.25506.2.41.1.1.2.2
hh3cCfCardIsPresent: 1.3.6.1.4.1.25506.2.41.1.1.2.2.1.2
hh3cCfCardMIB: 1.3.6.1.4.1.25506.2.41.1
hh3cCfCardMIBCompliances: 1.3.6.1.4.1.25506.2.41.1.4.2
hh3cCfCardMIBConformance: 1.3.6.1.4.1.25506.2.41.1.4
hh3cCfCardMIBGroups: 1.3.6.1.4.1.25506.2.41.1.4.1
hh3cCfCardMIBObjects: 1.3.6.1.4.1.25506.2.41.1.1
hh3cCfCardModelNumber: 1.3.6.1.4.1.25506.2.41.1.1.2.2.1.8
hh3cCfCardNotifications: 1.3.6.1.4.1.25506.2.41.1.2
hh3cCfCardNotificationsV2: 1.3.6.1.4.1.25506.2.41.1.2.0
hh3cCfCardNumber: 1.3.6.1.4.1.25506.2.41.1.1.1.1
hh3cCfCardParentRelPos: 1.3.6.1.4.1.25506.2.41.1.1.2.2.1.4
hh3cCfCardScalarObjects: 1.3.6.1.4.1.25506.2.41.1.1.1
hh3cCfCardSerialNumber: 1.3.6.1.4.1.25506.2.41.1.1.2.2.1.6
hh3cCfCardSize: 1.3.6.1.4.1.25506.2.41.1.1.2.2.1.10
hh3cCfCardState: 1.3.6.1.4.1.25506.2.41.1.1.2.2.1.9
hh3cCfCardUsedSize: 1.3.6.1.4.1.25506.2.41.1.1.2.2.1.11
hh3cbasicCompliance: 1.3.6.1.4.1.25506.2.41.1.4.2.1
hh3ccurrentNotificationGroup: 1.3.6.1.4.1.25506.2.41.1.4.1.2
hh3ccurrentObjectGroup: 1.3.6.1.4.1.25506.2.41.1.4.1.1
