hh3cObjectInfo: 1.3.6.1.4.1.25506.2.55
hh3cObjectInfoEntry: 1.3.6.1.4.1.25506.2.55.1.1.1
hh3cObjectInfoMIBCompliance: 1.3.6.1.4.1.25506.2.55.2.1.1
hh3cObjectInfoMIBCompliances: 1.3.6.1.4.1.25506.2.55.2.1
hh3cObjectInfoMIBConformance: 1.3.6.1.4.1.25506.2.55.2
hh3cObjectInfoMIBGroups: 1.3.6.1.4.1.25506.2.55.2.2
hh3cObjectInfoOID: 1.3.6.1.4.1.25506.2.55.1.1.1.1
hh3cObjectInfoTable: 1.3.6.1.4.1.25506.2.55.1.1
hh3cObjectInfoTableGroup: 1.3.6.1.4.1.25506.2.55.2.2.1
hh3cObjectInfoType: 1.3.6.1.4.1.25506.2.55.1.1.1.2
hh3cObjectInfoTypeExtension: 1.3.6.1.4.1.25506.2.55.1.1.1.3
hh3cObjectInfoValue: 1.3.6.1.4.1.25506.2.55.1.1.1.4
hh3cObjectInformation: 1.3.6.1.4.1.25506.2.55.1
