hh3cPUCMSAddr: 1.3.6.1.4.1.25506.9.2.1.1.2
hh3cPUCommonMan: 1.3.6.1.4.1.25506.9.2.1
hh3cPUCommonManObjects: 1.3.6.1.4.1.25506.9.2.1.1
hh3cPUCommonManTables: 1.3.6.1.4.1.25506.9.2.1.2
hh3cPUDCMan: 1.3.6.1.4.1.25506.9.2.3
hh3cPUDCManObjects: 1.3.6.1.4.1.25506.9.2.3.1
hh3cPUDCRcvVideoPackets: 1.3.6.1.4.1.25506.9.2.3.1.1
hh3cPUDCRcvVideoRefFrames: 1.3.6.1.4.1.25506.9.2.3.1.2
hh3cPUDCVideoPacketsLoss: 1.3.6.1.4.1.25506.9.2.3.1.3
hh3cPUDCVideoRefFramesLoss: 1.3.6.1.4.1.25506.9.2.3.1.4
hh3cPUECCameraAvailRate: 1.3.6.1.4.1.25506.9.2.2.1.2
hh3cPUECCameraOnlines: 1.3.6.1.4.1.25506.9.2.2.1.1
hh3cPUECMan: 1.3.6.1.4.1.25506.9.2.2
hh3cPUECManCameraShelterTrap: 1.3.6.1.4.1.25506.9.2.2.3.0.9
hh3cPUECManConnectionCMSFailureTrap: 1.3.6.1.4.1.25506.9.2.2.3.0.6
hh3cPUECManConnectionVerSrvFailureTrap: 1.3.6.1.4.1.25506.9.2.2.3.0.7
hh3cPUECManExternalSemaphoreTrap: 1.3.6.1.4.1.25506.9.2.2.3.0.1
hh3cPUECManFlashFailureTrap: 1.3.6.1.4.1.25506.9.2.2.3.0.8
hh3cPUECManMIBTrap: 1.3.6.1.4.1.25506.9.2.2.3
hh3cPUECManMotionDetectTrap: 1.3.6.1.4.1.25506.9.2.2.3.0.4
hh3cPUECManObjects: 1.3.6.1.4.1.25506.9.2.2.1
hh3cPUECManOnLineFailureTrap: 1.3.6.1.4.1.25506.9.2.2.3.0.5
hh3cPUECManTables: 1.3.6.1.4.1.25506.9.2.2.2
hh3cPUECManTrapObjects: 1.3.6.1.4.1.25506.9.2.2.3.1
hh3cPUECManTrapPrex: 1.3.6.1.4.1.25506.9.2.2.3.0
hh3cPUECManVideoLossTrap: 1.3.6.1.4.1.25506.9.2.2.3.0.2
hh3cPUECManVideoRecoverTrap: 1.3.6.1.4.1.25506.9.2.2.3.0.3
hh3cPUECRegionCoordinateX1: 1.3.6.1.4.1.25506.9.2.2.3.1.1
hh3cPUECRegionCoordinateX2: 1.3.6.1.4.1.25506.9.2.2.3.1.3
hh3cPUECRegionCoordinateY1: 1.3.6.1.4.1.25506.9.2.2.3.1.2
hh3cPUECRegionCoordinateY2: 1.3.6.1.4.1.25506.9.2.2.3.1.4
hh3cPUECVideoChannelEntry: 1.3.6.1.4.1.25506.9.2.2.2.1.1
hh3cPUECVideoChannelID: 1.3.6.1.4.1.25506.9.2.2.2.1.1.1
hh3cPUECVideoChannelName: 1.3.6.1.4.1.25506.9.2.2.2.1.1.2
hh3cPUECVideoChannelServiceStatus: 1.3.6.1.4.1.25506.9.2.2.2.1.1.3
hh3cPUECVideoChannelTable: 1.3.6.1.4.1.25506.9.2.2.2.1
hh3cPUExternalInputAlarmChannelID: 1.3.6.1.4.1.25506.9.2.1.2.1.1.1
hh3cPUExternalInputAlarmEntry: 1.3.6.1.4.1.25506.9.2.1.2.1.1
hh3cPUExternalInputAlarmStatus: 1.3.6.1.4.1.25506.9.2.1.2.1.1.2
hh3cPUExternalInputAlarmTable: 1.3.6.1.4.1.25506.9.2.1.2.1
hh3cPUExternalOutputAlarmChannelID: 1.3.6.1.4.1.25506.9.2.1.2.2.1.1
hh3cPUExternalOutputAlarmEntry: 1.3.6.1.4.1.25506.9.2.1.2.2.1
hh3cPUExternalOutputAlarmStatus: 1.3.6.1.4.1.25506.9.2.1.2.2.1.2
hh3cPUExternalOutputAlarmTable: 1.3.6.1.4.1.25506.9.2.1.2.2
hh3cPUMan: 1.3.6.1.4.1.25506.9.2
hh3cPUVersionServerAddr: 1.3.6.1.4.1.25506.9.2.1.1.3
hh3cPUisOnline: 1.3.6.1.4.1.25506.9.2.1.1.1
