hh3cDisk: 1.3.6.1.4.1.25506.10.3
hh3cDiskEntry: 1.3.6.1.4.1.25506.10.3.1.1.1
hh3cDiskFaultLedState: 1.3.6.1.4.1.25506.10.3.1.1.1.8
hh3cDiskFreeSpace: 1.3.6.1.4.1.25506.10.3.1.1.1.5
hh3cDiskGlobalSpare: 1.3.6.1.4.1.25506.10.3.1.1.1.10
hh3cDiskIndex: 1.3.6.1.4.1.25506.10.3.1.1.1.1
hh3cDiskInitialize: 1.3.6.1.4.1.25506.10.3.1.1.1.9
hh3cDiskLocalSpare: 1.3.6.1.4.1.25506.10.3.1.1.1.11
hh3cDiskLocationState: 1.3.6.1.4.1.25506.10.3.1.1.1.6
hh3cDiskMibObjects: 1.3.6.1.4.1.25506.10.3.1
hh3cDiskPortSpeed: 1.3.6.1.4.1.25506.10.3.1.1.1.3
hh3cDiskPortType: 1.3.6.1.4.1.25506.10.3.1.1.1.2
hh3cDiskPowerOffReason: 1.3.6.1.4.1.25506.10.3.1.1.1.14
hh3cDiskReadCache: 1.3.6.1.4.1.25506.10.3.1.1.1.12
hh3cDiskRunLedState: 1.3.6.1.4.1.25506.10.3.1.1.1.7
hh3cDiskSize: 1.3.6.1.4.1.25506.10.3.1.1.1.4
hh3cDiskTable: 1.3.6.1.4.1.25506.10.3.1.1
hh3cDiskWriteCache: 1.3.6.1.4.1.25506.10.3.1.1.1.13
