hh3cL4Redirect: 1.3.6.1.4.1.25506.2.10
hh3cL4RedirectCacheEntry: 1.3.6.1.4.1.25506.2.10.1.1
hh3cL4RedirectCacheIpAddress: 1.3.6.1.4.1.25506.2.10.1.1.1
hh3cL4RedirectCacheMacAddress: 1.3.6.1.4.1.25506.2.10.1.1.5
hh3cL4RedirectCachePort: 1.3.6.1.4.1.25506.2.10.1.1.3
hh3cL4RedirectCacheRedirectionStatus: 1.3.6.1.4.1.25506.2.10.1.1.2
hh3cL4RedirectCacheRowStatus: 1.3.6.1.4.1.25506.2.10.1.1.4
hh3cL4RedirectCacheTable: 1.3.6.1.4.1.25506.2.10.1
hh3cL4RedirectCacheTcpPort: 1.3.6.1.4.1.25506.2.10.1.1.7
hh3cL4RedirectCacheVlan: 1.3.6.1.4.1.25506.2.10.1.1.6
hh3cL4RedirectFreeCacheEntries: 1.3.6.1.4.1.25506.2.10.5
hh3cL4RedirectFreeIpExclusionEntries: 1.3.6.1.4.1.25506.2.10.6
hh3cL4RedirectFreeVlanEntries: 1.3.6.1.4.1.25506.2.10.7
hh3cL4RedirectInformationString: 1.3.6.1.4.1.25506.2.10.4
hh3cL4RedirectIpExclusionEntry: 1.3.6.1.4.1.25506.2.10.2.1
hh3cL4RedirectIpExclusionIpAddress: 1.3.6.1.4.1.25506.2.10.2.1.1
hh3cL4RedirectIpExclusionMaskLen: 1.3.6.1.4.1.25506.2.10.2.1.2
hh3cL4RedirectIpExclusionRowStatus: 1.3.6.1.4.1.25506.2.10.2.1.3
hh3cL4RedirectIpExclusionTable: 1.3.6.1.4.1.25506.2.10.2
hh3cL4RedirectVlanEntry: 1.3.6.1.4.1.25506.2.10.3.1
hh3cL4RedirectVlanID: 1.3.6.1.4.1.25506.2.10.3.1.1
hh3cL4RedirectVlanRowStatus: 1.3.6.1.4.1.25506.2.10.3.1.2
hh3cL4RedirectVlanTable: 1.3.6.1.4.1.25506.2.10.3
