hh3cMGEntry: 1.3.6.1.4.1.25506.2.68.1.1.1.1
hh3cMGID: 1.3.6.1.4.1.25506.2.68.1.1.1.1.1
hh3cMGInfoObjects: 1.3.6.1.4.1.25506.2.68.1
hh3cMGMirrorDirection: 1.3.6.1.4.1.25506.2.68.1.2.1.1.2
hh3cMGMirrorIfEntry: 1.3.6.1.4.1.25506.2.68.1.2.1.1
hh3cMGMirrorIfIndex: 1.3.6.1.4.1.25506.2.68.1.2.1.1.1
hh3cMGMirrorIfObjects: 1.3.6.1.4.1.25506.2.68.1.2
hh3cMGMirrorIfTable: 1.3.6.1.4.1.25506.2.68.1.2.1
hh3cMGMirrorRowStatus: 1.3.6.1.4.1.25506.2.68.1.2.1.1.3
hh3cMGMonitorIfEntry: 1.3.6.1.4.1.25506.2.68.1.3.1.1
hh3cMGMonitorIfIndex: 1.3.6.1.4.1.25506.2.68.1.3.1.1.1
hh3cMGMonitorIfObjects: 1.3.6.1.4.1.25506.2.68.1.3
hh3cMGMonitorIfTable: 1.3.6.1.4.1.25506.2.68.1.3.1
hh3cMGMonitorRowStatus: 1.3.6.1.4.1.25506.2.68.1.3.1.1.2
hh3cMGObjects: 1.3.6.1.4.1.25506.2.68.1.1
hh3cMGReflectorIfEntry: 1.3.6.1.4.1.25506.2.68.1.4.1.1
hh3cMGReflectorIfIndex: 1.3.6.1.4.1.25506.2.68.1.4.1.1.1
hh3cMGReflectorIfObjects: 1.3.6.1.4.1.25506.2.68.1.4
hh3cMGReflectorIfTable: 1.3.6.1.4.1.25506.2.68.1.4.1
hh3cMGReflectorRowStatus: 1.3.6.1.4.1.25506.2.68.1.4.1.1.2
hh3cMGRowStatus: 1.3.6.1.4.1.25506.2.68.1.1.1.1.4
hh3cMGRprobeVlanEntry: 1.3.6.1.4.1.25506.2.68.1.5.1.1
hh3cMGRprobeVlanID: 1.3.6.1.4.1.25506.2.68.1.5.1.1.1
hh3cMGRprobeVlanObjects: 1.3.6.1.4.1.25506.2.68.1.5
hh3cMGRprobeVlanRowStatus: 1.3.6.1.4.1.25506.2.68.1.5.1.1.2
hh3cMGRprobeVlanTable: 1.3.6.1.4.1.25506.2.68.1.5.1
hh3cMGStatus: 1.3.6.1.4.1.25506.2.68.1.1.1.1.3
hh3cMGTable: 1.3.6.1.4.1.25506.2.68.1.1.1
hh3cMGType: 1.3.6.1.4.1.25506.2.68.1.1.1.1.2
hh3cMirrGroup: 1.3.6.1.4.1.25506.2.68
