hh3cMplsOamPs: 1.3.6.1.4.1.25506.2.80
hh3cMplsOamPsNotifications: 1.3.6.1.4.1.25506.2.80.3
hh3cMplsOamPsScalarGroup: 1.3.6.1.4.1.25506.2.80.1
hh3cMplsOamPsTable: 1.3.6.1.4.1.25506.2.80.2
hh3cMplsOamPsTrapOpen: 1.3.6.1.4.1.25506.2.80.1.1
hh3cMplsPsEntry: 1.3.6.1.4.1.25506.2.80.2.1.1
hh3cMplsPsGroupID: 1.3.6.1.4.1.25506.2.80.2.1.1.2
hh3cMplsPsHoldOff: 1.3.6.1.4.1.25506.2.80.2.1.1.7
hh3cMplsPsIndex: 1.3.6.1.4.1.25506.2.80.2.1.1.1
hh3cMplsPsProtLspDetectState: 1.3.6.1.4.1.25506.2.80.2.1.1.11
hh3cMplsPsProtLspUpDownState: 1.3.6.1.4.1.25506.2.80.2.1.1.12
hh3cMplsPsProtectLspName: 1.3.6.1.4.1.25506.2.80.2.1.1.4
hh3cMplsPsRevertiveMode: 1.3.6.1.4.1.25506.2.80.2.1.1.5
hh3cMplsPsRowStatus: 1.3.6.1.4.1.25506.2.80.2.1.1.14
hh3cMplsPsSwitchCondition: 1.3.6.1.4.1.25506.2.80.2.1.1.8
hh3cMplsPsSwitchPtoW: 1.3.6.1.4.1.25506.2.80.3.1
hh3cMplsPsSwitchResult: 1.3.6.1.4.1.25506.2.80.2.1.1.13
hh3cMplsPsSwitchWtoP: 1.3.6.1.4.1.25506.2.80.3.2
hh3cMplsPsTable: 1.3.6.1.4.1.25506.2.80.2.1
hh3cMplsPsWTR: 1.3.6.1.4.1.25506.2.80.2.1.1.6
hh3cMplsPsWorkLspDetectState: 1.3.6.1.4.1.25506.2.80.2.1.1.9
hh3cMplsPsWorkLspName: 1.3.6.1.4.1.25506.2.80.2.1.1.3
hh3cMplsPsWorkLspUpDownState: 1.3.6.1.4.1.25506.2.80.2.1.1.10
