hh3cMulticast: 1.3.6.1.4.1.25506.2.50
hh3cMulticastEnable: 1.3.6.1.4.1.25506.2.50.1.1
hh3cMulticastObject: 1.3.6.1.4.1.25506.2.50.1
