hh3cLB: 1.3.6.1.4.1.25506.2.116
hh3cLBRealServerConnectNumber: 1.3.6.1.4.1.25506.2.116.1.2.1.3
hh3cLBRealServerEntry: 1.3.6.1.4.1.25506.2.116.1.2.1
hh3cLBRealServerGroupEntry: 1.3.6.1.4.1.25506.2.116.1.1.1
hh3cLBRealServerGroupName: 1.3.6.1.4.1.25506.2.116.1.1.1.1
hh3cLBRealServerGroupTable: 1.3.6.1.4.1.25506.2.116.1.1
hh3cLBRealServerName: 1.3.6.1.4.1.25506.2.116.1.2.1.1
hh3cLBRealServerOverLoad: 1.3.6.1.4.1.25506.2.116.2.0.1
hh3cLBRealServerStatus: 1.3.6.1.4.1.25506.2.116.1.2.1.2
hh3cLBRealServerTable: 1.3.6.1.4.1.25506.2.116.1.2
hh3cLBTables: 1.3.6.1.4.1.25506.2.116.1
hh3cLBTrap: 1.3.6.1.4.1.25506.2.116.2
hh3cLBTrapPrex: 1.3.6.1.4.1.25506.2.116.2.0
