hh3cGre: 1.3.6.1.4.1.25506.2.54
hh3cGreChecksum: 1.3.6.1.4.1.25506.2.54.1.1.1.3
hh3cGreEntry: 1.3.6.1.4.1.25506.2.54.1.1.1
hh3cGreKey: 1.3.6.1.4.1.25506.2.54.1.1.1.2
hh3cGreKeyValue: 1.3.6.1.4.1.25506.2.54.1.1.1.1
hh3cGreObjects: 1.3.6.1.4.1.25506.2.54.1
hh3cGreTable: 1.3.6.1.4.1.25506.2.54.1.1
