hh3cAccessLimit: 1.3.6.1.4.1.25506.2.12.1.2.1.1
hh3cAuthMode: 1.3.6.1.4.1.25506.2.12.1.1.1.3
hh3cExpirationDate: 1.3.6.1.4.1.25506.2.12.1.2.1.16
hh3cFtpDirectory: 1.3.6.1.4.1.25506.2.12.1.2.1.11
hh3cFtpService: 1.3.6.1.4.1.25506.2.12.1.2.1.10
hh3cIPAddress: 1.3.6.1.4.1.25506.2.12.1.2.1.3
hh3cIdleCut: 1.3.6.1.4.1.25506.2.12.1.2.1.2
hh3cLanAccessService: 1.3.6.1.4.1.25506.2.12.1.2.1.12
hh3cMacAddress: 1.3.6.1.4.1.25506.2.12.1.2.1.8
hh3cNasIPAddress: 1.3.6.1.4.1.25506.2.12.1.2.1.4
hh3cPortNum: 1.3.6.1.4.1.25506.2.12.1.2.1.7
hh3cSlotNum: 1.3.6.1.4.1.25506.2.12.1.2.1.5
hh3cSshService: 1.3.6.1.4.1.25506.2.12.1.2.1.13
hh3cSubSlotNum: 1.3.6.1.4.1.25506.2.12.1.2.1.6
hh3cTelnetService: 1.3.6.1.4.1.25506.2.12.1.2.1.14
hh3cTerminalService: 1.3.6.1.4.1.25506.2.12.1.2.1.15
hh3cUser: 1.3.6.1.4.1.25506.2.12
hh3cUserAttributeEntry: 1.3.6.1.4.1.25506.2.12.1.2.1
hh3cUserAttributeTable: 1.3.6.1.4.1.25506.2.12.1.2
hh3cUserCurrNum: 1.3.6.1.4.1.25506.2.12.1.4
hh3cUserGroup: 1.3.6.1.4.1.25506.2.12.1.2.1.17
hh3cUserGroupInfoEntry: 1.3.6.1.4.1.25506.2.12.2.1.1
hh3cUserGroupInfoRowStatus: 1.3.6.1.4.1.25506.2.12.2.1.1.2
hh3cUserGroupInfoTable: 1.3.6.1.4.1.25506.2.12.2.1
hh3cUserGroupName: 1.3.6.1.4.1.25506.2.12.2.1.1.1
hh3cUserGroupObjects: 1.3.6.1.4.1.25506.2.12.2
hh3cUserIndex: 1.3.6.1.4.1.25506.2.12.1.1.1.7
hh3cUserIndexIndicator: 1.3.6.1.4.1.25506.2.12.1.5
hh3cUserInfoEntry: 1.3.6.1.4.1.25506.2.12.1.1.1
hh3cUserInfoRowStatus: 1.3.6.1.4.1.25506.2.12.1.1.1.6
hh3cUserInfoTable: 1.3.6.1.4.1.25506.2.12.1.1
hh3cUserLevel: 1.3.6.1.4.1.25506.2.12.1.1.1.4
hh3cUserMaxNum: 1.3.6.1.4.1.25506.2.12.1.3
hh3cUserName: 1.3.6.1.4.1.25506.2.12.1.1.1.1
hh3cUserObjects: 1.3.6.1.4.1.25506.2.12.1
hh3cUserPassword: 1.3.6.1.4.1.25506.2.12.1.1.1.2
hh3cUserState: 1.3.6.1.4.1.25506.2.12.1.1.1.5
hh3cVlan: 1.3.6.1.4.1.25506.2.12.1.2.1.9
