hh3cReboot: 1.3.6.1.4.1.25506.6.7
hh3cRebootSendTrap: 1.3.6.1.4.1.25506.6.8.3
hh3cSoftwareVersion: 1.3.6.1.4.1.25506.6.9
hh3cStartFtpServer: 1.3.6.1.4.1.25506.6.6
hh3cSysBannerMOTD: 1.3.6.1.4.1.25506.6.11.11
hh3cSysBootType: 1.3.6.1.4.1.25506.6.10
hh3cSysColdStartTrap: 1.3.6.1.4.1.25506.6.8.4
hh3cSysFirstTrapTime: 1.3.6.1.4.1.25506.6.11.10
hh3cSysLastSampleTime: 1.3.6.1.4.1.25506.6.11.8
hh3cSysNetID: 1.3.6.1.4.1.25506.6.11.7
hh3cSysSamplePeriod: 1.3.6.1.4.1.25506.6.11.2
hh3cSysSnmpPort: 1.3.6.1.4.1.25506.6.11.5
hh3cSysSnmpTrapPort: 1.3.6.1.4.1.25506.6.11.6
hh3cSysStatisticPeriod: 1.3.6.1.4.1.25506.6.11.1
hh3cSysTrapCollectionPeriod: 1.3.6.1.4.1.25506.6.11.4
hh3cSysTrapResendPeriod: 1.3.6.1.4.1.25506.6.11.3
hh3cSysTrapSendNum: 1.3.6.1.4.1.25506.6.11.9
hh3cSysWarmStartTrap: 1.3.6.1.4.1.25506.6.8.5
hh3cSystem: 1.3.6.1.4.1.25506.6
hh3cSystemInfo: 1.3.6.1.4.1.25506.6.11
hh3cSystemNotification: 1.3.6.1.4.1.25506.6.8
hh3cWriteConfig: 1.3.6.1.4.1.25506.6.5
hh3cWriteFailureTrap: 1.3.6.1.4.1.25506.6.8.2
hh3cWriteSuccessTrap: 1.3.6.1.4.1.25506.6.8.1
