hh3cEntRelation: 1.3.6.1.4.1.25506.2.15.1.1
hh3cEntRelationCompliance: 1.3.6.1.4.1.25506.2.15.2.1.1
hh3cEntRelationCompliances: 1.3.6.1.4.1.25506.2.15.2.1
hh3cEntRelationConformance: 1.3.6.1.4.1.25506.2.15.2
hh3cEntRelationEntry: 1.3.6.1.4.1.25506.2.15.1.1.1.1
hh3cEntRelationGroup: 1.3.6.1.4.1.25506.2.15.2.2.1
hh3cEntRelationGroups: 1.3.6.1.4.1.25506.2.15.2.2
hh3cEntRelationObjects: 1.3.6.1.4.1.25506.2.15.1
hh3cEntRelationTable: 1.3.6.1.4.1.25506.2.15.1.1.1
hh3cEntRelationType: 1.3.6.1.4.1.25506.2.15.1.1.1.1.1
hh3cEntityIndex: 1.3.6.1.4.1.25506.2.15.1.1.1.1.2
hh3cEntityRelation: 1.3.6.1.4.1.25506.2.15
hh3cRelatedEntityIndex: 1.3.6.1.4.1.25506.2.15.1.1.1.1.3
