hh3cFdmi: 1.3.6.1.4.1.25506.2.131
hh3cFdmiHbaInfoDriverVer: 1.3.6.1.4.1.25506.2.131.1.1.1.1.9
hh3cFdmiHbaInfoEntry: 1.3.6.1.4.1.25506.2.131.1.1.1.1
hh3cFdmiHbaInfoFabricIndex: 1.3.6.1.4.1.25506.2.131.1.1.1.1.1
hh3cFdmiHbaInfoFwVer: 1.3.6.1.4.1.25506.2.131.1.1.1.1.11
hh3cFdmiHbaInfoHwVer: 1.3.6.1.4.1.25506.2.131.1.1.1.1.8
hh3cFdmiHbaInfoId: 1.3.6.1.4.1.25506.2.131.1.1.1.1.2
hh3cFdmiHbaInfoMaxCTPayload: 1.3.6.1.4.1.25506.2.131.1.1.1.1.13
hh3cFdmiHbaInfoMfg: 1.3.6.1.4.1.25506.2.131.1.1.1.1.4
hh3cFdmiHbaInfoModel: 1.3.6.1.4.1.25506.2.131.1.1.1.1.6
hh3cFdmiHbaInfoModelDescr: 1.3.6.1.4.1.25506.2.131.1.1.1.1.7
hh3cFdmiHbaInfoNodeName: 1.3.6.1.4.1.25506.2.131.1.1.1.1.3
hh3cFdmiHbaInfoOSInfo: 1.3.6.1.4.1.25506.2.131.1.1.1.1.12
hh3cFdmiHbaInfoOptROMVer: 1.3.6.1.4.1.25506.2.131.1.1.1.1.10
hh3cFdmiHbaInfoSn: 1.3.6.1.4.1.25506.2.131.1.1.1.1.5
hh3cFdmiHbaInfoTable: 1.3.6.1.4.1.25506.2.131.1.1.1
hh3cFdmiHbaPortCurrentSpeed: 1.3.6.1.4.1.25506.2.131.1.1.2.1.4
hh3cFdmiHbaPortEntry: 1.3.6.1.4.1.25506.2.131.1.1.2.1
hh3cFdmiHbaPortHostName: 1.3.6.1.4.1.25506.2.131.1.1.2.1.7
hh3cFdmiHbaPortId: 1.3.6.1.4.1.25506.2.131.1.1.2.1.1
hh3cFdmiHbaPortMaxFrameSize: 1.3.6.1.4.1.25506.2.131.1.1.2.1.5
hh3cFdmiHbaPortOsDevName: 1.3.6.1.4.1.25506.2.131.1.1.2.1.6
hh3cFdmiHbaPortSupportedFC4Type: 1.3.6.1.4.1.25506.2.131.1.1.2.1.2
hh3cFdmiHbaPortSupportedSpeed: 1.3.6.1.4.1.25506.2.131.1.1.2.1.3
hh3cFdmiHbaPortTable: 1.3.6.1.4.1.25506.2.131.1.1.2
hh3cFdmiInfo: 1.3.6.1.4.1.25506.2.131.1.1
hh3cFdmiObjects: 1.3.6.1.4.1.25506.2.131.1
