hh3cL2VpnPwe3: 1.3.6.1.4.1.25506.2.78
hh3cL2VpnPwe3Notifications: 1.3.6.1.4.1.25506.2.78.3
hh3cL2VpnPwe3ScalarGroup: 1.3.6.1.4.1.25506.2.78.1
hh3cL2VpnPwe3Table: 1.3.6.1.4.1.25506.2.78.2
hh3cPwVcAcStatus: 1.3.6.1.4.1.25506.2.78.2.1.1.10
hh3cPwVcCfgType: 1.3.6.1.4.1.25506.2.78.2.1.1.6
hh3cPwVcDeleted: 1.3.6.1.4.1.25506.2.78.3.5
hh3cPwVcDown: 1.3.6.1.4.1.25506.2.78.3.3
hh3cPwVcEntry: 1.3.6.1.4.1.25506.2.78.2.1.1
hh3cPwVcID: 1.3.6.1.4.1.25506.2.78.2.1.1.2
hh3cPwVcIfIndex: 1.3.6.1.4.1.25506.2.78.2.1.1.9
hh3cPwVcInboundLabel: 1.3.6.1.4.1.25506.2.78.2.1.1.7
hh3cPwVcIndex: 1.3.6.1.4.1.25506.2.78.2.1.1.1
hh3cPwVcMtu: 1.3.6.1.4.1.25506.2.78.2.1.1.5
hh3cPwVcOutboundLabel: 1.3.6.1.4.1.25506.2.78.2.1.1.8
hh3cPwVcPeerAddr: 1.3.6.1.4.1.25506.2.78.2.1.1.4
hh3cPwVcRowStatus: 1.3.6.1.4.1.25506.2.78.2.1.1.12
hh3cPwVcStatus: 1.3.6.1.4.1.25506.2.78.2.1.1.11
hh3cPwVcSwitchPtoW: 1.3.6.1.4.1.25506.2.78.3.2
hh3cPwVcSwitchWtoP: 1.3.6.1.4.1.25506.2.78.3.1
hh3cPwVcTable: 1.3.6.1.4.1.25506.2.78.2.1
hh3cPwVcTrapOpen: 1.3.6.1.4.1.25506.2.78.1.1
hh3cPwVcType: 1.3.6.1.4.1.25506.2.78.2.1.1.3
hh3cPwVcUp: 1.3.6.1.4.1.25506.2.78.3.4
