hh3cRmonExt: 1.3.6.1.4.1.25506.2.125
hh3cRmonExtAlarmEntry: 1.3.6.1.4.1.25506.2.125.1.1
hh3cRmonExtAlarmFallingEvtIndex: 1.3.6.1.4.1.25506.2.125.1.1.11
hh3cRmonExtAlarmFallingThreshold: 1.3.6.1.4.1.25506.2.125.1.1.9
hh3cRmonExtAlarmIndex: 1.3.6.1.4.1.25506.2.125.1.1.1
hh3cRmonExtAlarmInterval: 1.3.6.1.4.1.25506.2.125.1.1.2
hh3cRmonExtAlarmOwner: 1.3.6.1.4.1.25506.2.125.1.1.14
hh3cRmonExtAlarmRisingEvtIndex: 1.3.6.1.4.1.25506.2.125.1.1.10
hh3cRmonExtAlarmRisingThreshold: 1.3.6.1.4.1.25506.2.125.1.1.8
hh3cRmonExtAlarmSampleType: 1.3.6.1.4.1.25506.2.125.1.1.5
hh3cRmonExtAlarmStartupAlarm: 1.3.6.1.4.1.25506.2.125.1.1.7
hh3cRmonExtAlarmStatCycle: 1.3.6.1.4.1.25506.2.125.1.1.12
hh3cRmonExtAlarmStatType: 1.3.6.1.4.1.25506.2.125.1.1.13
hh3cRmonExtAlarmStatus: 1.3.6.1.4.1.25506.2.125.1.1.15
hh3cRmonExtAlarmSympol: 1.3.6.1.4.1.25506.2.125.1.1.4
hh3cRmonExtAlarmTable: 1.3.6.1.4.1.25506.2.125.1
hh3cRmonExtAlarmValue: 1.3.6.1.4.1.25506.2.125.1.1.6
hh3cRmonExtAlarmVariable: 1.3.6.1.4.1.25506.2.125.1.1.3
hh3cRmonExtEvent: 1.3.6.1.4.1.25506.2.125.0
hh3cRmonExtFallingAlarm: 1.3.6.1.4.1.25506.2.125.0.2
hh3cRmonExtRisingAlarm: 1.3.6.1.4.1.25506.2.125.0.1
