hh3cAAANasId: 1.3.6.1.4.1.25506.2.114
hh3cAAANasIdEntry: 1.3.6.1.4.1.25506.2.114.1.1.1
hh3cAAANasIdName: 1.3.6.1.4.1.25506.2.114.1.1.1.1
hh3cAAANasIdObjects: 1.3.6.1.4.1.25506.2.114.1
hh3cAAANasIdTable: 1.3.6.1.4.1.25506.2.114.1.1
