hh3cDot11: 1.3.6.1.4.1.25506.2.75
hh3cDot11APElementEntry: 1.3.6.1.4.1.25506.2.75.12.1.1.1
hh3cDot11APElementIndex: 1.3.6.1.4.1.25506.2.75.12.1.1.1.1
hh3cDot11APElementModelAlias: 1.3.6.1.4.1.25506.2.75.12.1.1.1.4
hh3cDot11APElementSerialID: 1.3.6.1.4.1.25506.2.75.12.1.1.1.3
hh3cDot11APElementTable: 1.3.6.1.4.1.25506.2.75.12.1.1
hh3cDot11APElementTemplateName: 1.3.6.1.4.1.25506.2.75.12.1.1.1.2
hh3cDot11Common: 1.3.6.1.4.1.25506.2.75.12
hh3cDot11ElementGroup: 1.3.6.1.4.1.25506.2.75.12.1
hh3cDot11RadioElementEntry: 1.3.6.1.4.1.25506.2.75.12.1.2.1
hh3cDot11RadioElementRadioIndex: 1.3.6.1.4.1.25506.2.75.12.1.2.1.3
hh3cDot11RadioElementRadioNum: 1.3.6.1.4.1.25506.2.75.12.1.2.1.1
hh3cDot11RadioElementRadioPolicy: 1.3.6.1.4.1.25506.2.75.12.1.2.1.2
hh3cDot11RadioElementTable: 1.3.6.1.4.1.25506.2.75.12.1.2
