hh3cPPri: 1.3.6.1.4.1.25506.2.37.1.1
hh3cPPriPriorityType: 1.3.6.1.4.1.25506.2.37.1.1.1.1.2
hh3cPPriPriorityVlaue: 1.3.6.1.4.1.25506.2.37.1.1.1.1.3
hh3cPPriProtocolType: 1.3.6.1.4.1.25506.2.37.1.1.1.1.1
hh3cPPriRowStatus: 1.3.6.1.4.1.25506.2.37.1.1.1.1.4
hh3cProtocolPriority: 1.3.6.1.4.1.25506.2.37
hh3cProtocolPriorityEntry: 1.3.6.1.4.1.25506.2.37.1.1.1.1
hh3cProtocolPriorityObjects: 1.3.6.1.4.1.25506.2.37.1
hh3cProtocolPriorityTable: 1.3.6.1.4.1.25506.2.37.1.1.1
