hh3cFWConnNumCurr: 1.3.6.1.4.1.25506.2.88.1.2.1
hh3cFWMaxConnNum: 1.3.6.1.4.1.25506.2.88.1.1.1
hh3cFireWall: 1.3.6.1.4.1.25506.2.88
hh3cFirewallGlobalStats: 1.3.6.1.4.1.25506.2.88.1.2
hh3cFirewallSpecs: 1.3.6.1.4.1.25506.2.88.1.1
hh3cFirewallobject: 1.3.6.1.4.1.25506.2.88.1
