hh3cIpa: 1.3.6.1.4.1.25506.2.25
hh3cIpaAccountListEntry: 1.3.6.1.4.1.25506.2.25.3.1
hh3cIpaAccountListIndex: 1.3.6.1.4.1.25506.2.25.3.1.1
hh3cIpaAccountListIpAddr: 1.3.6.1.4.1.25506.2.25.3.1.2
hh3cIpaAccountListIpMask: 1.3.6.1.4.1.25506.2.25.3.1.3
hh3cIpaAccountListMaxItemNum: 1.3.6.1.4.1.25506.2.25.1.6
hh3cIpaAccountListNextIndex: 1.3.6.1.4.1.25506.2.25.1.7
hh3cIpaAccountListRowStatus: 1.3.6.1.4.1.25506.2.25.3.1.4
hh3cIpaAccountListTable: 1.3.6.1.4.1.25506.2.25.3
hh3cIpaExtListEntry: 1.3.6.1.4.1.25506.2.25.5.1
hh3cIpaExtListInBytes: 1.3.6.1.4.1.25506.2.25.5.1.5
hh3cIpaExtListInPackets: 1.3.6.1.4.1.25506.2.25.5.1.4
hh3cIpaExtListIpDst: 1.3.6.1.4.1.25506.2.25.5.1.2
hh3cIpaExtListIpSrc: 1.3.6.1.4.1.25506.2.25.5.1.1
hh3cIpaExtListMaxItemNum: 1.3.6.1.4.1.25506.2.25.1.4
hh3cIpaExtListOutBytes: 1.3.6.1.4.1.25506.2.25.5.1.7
hh3cIpaExtListOutPackets: 1.3.6.1.4.1.25506.2.25.5.1.6
hh3cIpaExtListProtocol: 1.3.6.1.4.1.25506.2.25.5.1.3
hh3cIpaExtListTable: 1.3.6.1.4.1.25506.2.25.5
hh3cIpaFWListEntry: 1.3.6.1.4.1.25506.2.25.6.1
hh3cIpaFWListInBytes: 1.3.6.1.4.1.25506.2.25.6.1.4
hh3cIpaFWListInPackets: 1.3.6.1.4.1.25506.2.25.6.1.3
hh3cIpaFWListIpDst: 1.3.6.1.4.1.25506.2.25.6.1.2
hh3cIpaFWListIpSrc: 1.3.6.1.4.1.25506.2.25.6.1.1
hh3cIpaFWListMaxItemNum: 1.3.6.1.4.1.25506.2.25.1.5
hh3cIpaFWListOutBytes: 1.3.6.1.4.1.25506.2.25.6.1.6
hh3cIpaFWListOutPackets: 1.3.6.1.4.1.25506.2.25.6.1.5
hh3cIpaFWListTable: 1.3.6.1.4.1.25506.2.25.6
hh3cIpaGlobalEnable: 1.3.6.1.4.1.25506.2.25.1.1
hh3cIpaGlobalStats: 1.3.6.1.4.1.25506.2.25.1
hh3cIpaIfConfigEntry: 1.3.6.1.4.1.25506.2.25.2.1
hh3cIpaIfConfigFWEnable: 1.3.6.1.4.1.25506.2.25.2.1.4
hh3cIpaIfConfigIfIndex: 1.3.6.1.4.1.25506.2.25.2.1.1
hh3cIpaIfConfigInEnable: 1.3.6.1.4.1.25506.2.25.2.1.2
hh3cIpaIfConfigOutEnable: 1.3.6.1.4.1.25506.2.25.2.1.3
hh3cIpaIfConfigTable: 1.3.6.1.4.1.25506.2.25.2
hh3cIpaIntListEntry: 1.3.6.1.4.1.25506.2.25.4.1
hh3cIpaIntListInBytes: 1.3.6.1.4.1.25506.2.25.4.1.5
hh3cIpaIntListInPackets: 1.3.6.1.4.1.25506.2.25.4.1.4
hh3cIpaIntListIpDst: 1.3.6.1.4.1.25506.2.25.4.1.2
hh3cIpaIntListIpSrc: 1.3.6.1.4.1.25506.2.25.4.1.1
hh3cIpaIntListMaxItemNum: 1.3.6.1.4.1.25506.2.25.1.3
hh3cIpaIntListOutBytes: 1.3.6.1.4.1.25506.2.25.4.1.7
hh3cIpaIntListOutPackets: 1.3.6.1.4.1.25506.2.25.4.1.6
hh3cIpaIntListProtocol: 1.3.6.1.4.1.25506.2.25.4.1.3
hh3cIpaIntListTable: 1.3.6.1.4.1.25506.2.25.4
hh3cIpaListCleaningFlag: 1.3.6.1.4.1.25506.2.25.1.8
hh3cIpaTimeOutSeconds: 1.3.6.1.4.1.25506.2.25.1.2
