hh3cNS: 1.3.6.1.4.1.25506.2.20
hh3cNSACLName: 1.3.6.1.4.1.25506.2.20.1.5.1.6
hh3cNSACLNumber: 1.3.6.1.4.1.25506.2.20.1.5.1.5
hh3cNSACLRule: 1.3.6.1.4.1.25506.2.20.1.5.1.7
hh3cNSActiveStreamNumber: 1.3.6.1.4.1.25506.2.20.1.6.1.2
hh3cNSActiveTime: 1.3.6.1.4.1.25506.2.20.1.1.1
hh3cNSAggregationType: 1.3.6.1.4.1.25506.2.20.1.3.1.1
hh3cNSAsType: 1.3.6.1.4.1.25506.2.20.1.1.4
hh3cNSConfigEntry: 1.3.6.1.4.1.25506.2.20.1.5.1
hh3cNSConfigRowStatus: 1.3.6.1.4.1.25506.2.20.1.5.1.8
hh3cNSConfigTable: 1.3.6.1.4.1.25506.2.20.1.5
hh3cNSDestSlot: 1.3.6.1.4.1.25506.2.20.1.5.1.3
hh3cNSDirect: 1.3.6.1.4.1.25506.2.20.1.5.1.4
hh3cNSExportConfigEntry: 1.3.6.1.4.1.25506.2.20.1.3.1
hh3cNSExportConfigTable: 1.3.6.1.4.1.25506.2.20.1.3
hh3cNSExportFail: 1.3.6.1.4.1.25506.2.20.1.4.1.5
hh3cNSExportInformationEntry: 1.3.6.1.4.1.25506.2.20.1.4.1
hh3cNSExportInformationTable: 1.3.6.1.4.1.25506.2.20.1.4
hh3cNSExportNum: 1.3.6.1.4.1.25506.2.20.1.4.1.4
hh3cNSExportSlot: 1.3.6.1.4.1.25506.2.20.1.4.1.2
hh3cNSExportStream: 1.3.6.1.4.1.25506.2.20.1.4.1.3
hh3cNSExportType: 1.3.6.1.4.1.25506.2.20.1.4.1.1
hh3cNSExportVlanOrIfIndex: 1.3.6.1.4.1.25506.2.20.1.1.7
hh3cNSHostIPAddr: 1.3.6.1.4.1.25506.2.20.1.3.1.2
hh3cNSHostPort: 1.3.6.1.4.1.25506.2.20.1.3.1.3
hh3cNSInactiveTime: 1.3.6.1.4.1.25506.2.20.1.1.2
hh3cNSMPLSActiveStreamNumber: 1.3.6.1.4.1.25506.2.20.1.6.1.6
hh3cNSMPLSTotalOctetNumber: 1.3.6.1.4.1.25506.2.20.1.6.1.9
hh3cNSMPLSTotalPacketNumber: 1.3.6.1.4.1.25506.2.20.1.6.1.8
hh3cNSMPLSTotalStreamNumber: 1.3.6.1.4.1.25506.2.20.1.6.1.7
hh3cNSMibObjects: 1.3.6.1.4.1.25506.2.20.1
hh3cNSMibScalarObjects: 1.3.6.1.4.1.25506.2.20.1.1
hh3cNSProcessSlot: 1.3.6.1.4.1.25506.2.20.1.2.1.1
hh3cNSProcessSlotEntry: 1.3.6.1.4.1.25506.2.20.1.2.1
hh3cNSProcessSlotTable: 1.3.6.1.4.1.25506.2.20.1.2
hh3cNSResetFlag: 1.3.6.1.4.1.25506.2.20.1.6.1.10
hh3cNSResetTime: 1.3.6.1.4.1.25506.2.20.1.6.1.11
hh3cNSSlot: 1.3.6.1.4.1.25506.2.20.1.6.1.1
hh3cNSSourceIfIndex: 1.3.6.1.4.1.25506.2.20.1.5.1.2
hh3cNSSourceSlot: 1.3.6.1.4.1.25506.2.20.1.5.1.1
hh3cNSSrcIpAddr: 1.3.6.1.4.1.25506.2.20.1.3.1.4
hh3cNSState: 1.3.6.1.4.1.25506.2.20.1.3.1.5
hh3cNSStatusEntry: 1.3.6.1.4.1.25506.2.20.1.6.1
hh3cNSStatusTable: 1.3.6.1.4.1.25506.2.20.1.6
hh3cNSTemplateRefreshRate: 1.3.6.1.4.1.25506.2.20.1.1.5
hh3cNSTemplateTimeout: 1.3.6.1.4.1.25506.2.20.1.1.6
hh3cNSTotalOctetNumber: 1.3.6.1.4.1.25506.2.20.1.6.1.5
hh3cNSTotalPacketNumber: 1.3.6.1.4.1.25506.2.20.1.6.1.4
hh3cNSTotalStreamNumber: 1.3.6.1.4.1.25506.2.20.1.6.1.3
hh3cNSVersion: 1.3.6.1.4.1.25506.2.20.1.1.3
