hh3cRSA: 1.3.6.1.4.1.25506.2.23
hh3cRSALocalHostKeyCode: 1.3.6.1.4.1.25506.2.23.1.2.1.3
hh3cRSALocalHostKeyCreatedTime: 1.3.6.1.4.1.25506.2.23.1.2.1.4
hh3cRSALocalHostKeyName: 1.3.6.1.4.1.25506.2.23.1.2.1.2
hh3cRSALocalKeyFailReason: 1.3.6.1.4.1.25506.2.23.1.4
hh3cRSALocalKeyIndex: 1.3.6.1.4.1.25506.2.23.1.2.1.1
hh3cRSALocalKeyPairBits: 1.3.6.1.4.1.25506.2.23.1.2.1.8
hh3cRSALocalKeyPairEntry: 1.3.6.1.4.1.25506.2.23.1.2.1
hh3cRSALocalKeyPairOpeFail: 1.3.6.1.4.1.25506.2.23.2.1
hh3cRSALocalKeyPairTable: 1.3.6.1.4.1.25506.2.23.1.2
hh3cRSALocalKeyStatus: 1.3.6.1.4.1.25506.2.23.1.2.1.9
hh3cRSALocalServerKeyCode: 1.3.6.1.4.1.25506.2.23.1.2.1.6
hh3cRSALocalServerKeyCreatedTime: 1.3.6.1.4.1.25506.2.23.1.2.1.7
hh3cRSALocalServerKeyName: 1.3.6.1.4.1.25506.2.23.1.2.1.5
hh3cRSAMIBObjects: 1.3.6.1.4.1.25506.2.23.1
hh3cRSANotifications: 1.3.6.1.4.1.25506.2.23.2
hh3cRSAPeerFQDN: 1.3.6.1.4.1.25506.2.23.1.1.1.3
hh3cRSAPeerIpAddress: 1.3.6.1.4.1.25506.2.23.1.1.1.2
hh3cRSAPeerKeyConfigFail: 1.3.6.1.4.1.25506.2.23.2.2
hh3cRSAPeerKeyConfigFailReason: 1.3.6.1.4.1.25506.2.23.1.3
hh3cRSAPeerPublicKeyCode: 1.3.6.1.4.1.25506.2.23.1.1.1.4
hh3cRSAPeerPublicKeyEntry: 1.3.6.1.4.1.25506.2.23.1.1.1
hh3cRSAPeerPublicKeyName: 1.3.6.1.4.1.25506.2.23.1.1.1.1
hh3cRSAPeerPublicKeyStatus: 1.3.6.1.4.1.25506.2.23.1.1.1.5
hh3cRSAPeerPublicKeyTable: 1.3.6.1.4.1.25506.2.23.1.1
