hh3cfanStatusChangedTrap: 1.3.6.1.4.1.25506.8.36.5.2.1
hh3cfanTraps: 1.3.6.1.4.1.25506.8.36.5.2
hh3cpowerStatusChangedTrap: 1.3.6.1.4.1.25506.8.36.4.2.1
hh3cpowerTraps: 1.3.6.1.4.1.25506.8.36.4.2
hh3credundancyFan: 1.3.6.1.4.1.25506.8.36.5
hh3credundancyFanEntry: 1.3.6.1.4.1.25506.8.36.5.1.1
hh3credundancyFanID: 1.3.6.1.4.1.25506.8.36.5.1.1.1
hh3credundancyFanStatus: 1.3.6.1.4.1.25506.8.36.5.1.1.2
hh3credundancyFanTable: 1.3.6.1.4.1.25506.8.36.5.1
hh3credundancyPower: 1.3.6.1.4.1.25506.8.36.4
hh3credundancyPowerEntry: 1.3.6.1.4.1.25506.8.36.4.1.1
hh3credundancyPowerID: 1.3.6.1.4.1.25506.8.36.4.1.1.1
hh3credundancyPowerPreviousStatus: 1.3.6.1.4.1.25506.8.36.4.1.1.3
hh3credundancyPowerStatus: 1.3.6.1.4.1.25506.8.36.4.1.1.2
hh3credundancyPowerTable: 1.3.6.1.4.1.25506.8.36.4.1
