hh3cFtm: 1.3.6.1.4.1.25506.2.1
hh3cFtmAuthMode: 1.3.6.1.4.1.25506.2.1.1.1.2
hh3cFtmAuthValue: 1.3.6.1.4.1.25506.2.1.1.1.3
hh3cFtmConfigGroup: 1.3.6.1.4.1.25506.2.1.1.2.2.1
hh3cFtmFabricType: 1.3.6.1.4.1.25506.2.1.1.1.5
hh3cFtmFabricVlanID: 1.3.6.1.4.1.25506.2.1.1.1.4
hh3cFtmIndex: 1.3.6.1.4.1.25506.2.1.1.1.1.1.1
hh3cFtmMIBCompliance: 1.3.6.1.4.1.25506.2.1.1.2.1.1
hh3cFtmMIBCompliances: 1.3.6.1.4.1.25506.2.1.1.2.1
hh3cFtmMIBGroups: 1.3.6.1.4.1.25506.2.1.1.2.2
hh3cFtmManMIB: 1.3.6.1.4.1.25506.2.1.1
hh3cFtmManMIBComformance: 1.3.6.1.4.1.25506.2.1.1.2
hh3cFtmManMIBNotification: 1.3.6.1.4.1.25506.2.1.1.3
hh3cFtmManMIBObjects: 1.3.6.1.4.1.25506.2.1.1.1
hh3cFtmNotificationGroup: 1.3.6.1.4.1.25506.2.1.1.2.2.2
hh3cFtmNumberMode: 1.3.6.1.4.1.25506.2.1.1.1.1.1.5
hh3cFtmUnitEntry: 1.3.6.1.4.1.25506.2.1.1.1.1.1
hh3cFtmUnitID: 1.3.6.1.4.1.25506.2.1.1.1.1.1.2
hh3cFtmUnitIDChange: 1.3.6.1.4.1.25506.2.1.1.3.1
hh3cFtmUnitName: 1.3.6.1.4.1.25506.2.1.1.1.1.1.3
hh3cFtmUnitNameChange: 1.3.6.1.4.1.25506.2.1.1.3.2
hh3cFtmUnitRole: 1.3.6.1.4.1.25506.2.1.1.1.1.1.4
hh3cFtmUnitTable: 1.3.6.1.4.1.25506.2.1.1.1.1
