hh3cMSCurrentForwardConnection: 1.3.6.1.4.1.25506.9.3.2.1.1.4
hh3cMSCurrentRecordConnection: 1.3.6.1.4.1.25506.9.3.2.3.1.4
hh3cMSCurrentVODConnection: 1.3.6.1.4.1.25506.9.3.2.2.1.4
hh3cMSForwardConnectionThreshold: 1.3.6.1.4.1.25506.9.3.2.1.1.3
hh3cMSForwardEntry: 1.3.6.1.4.1.25506.9.3.2.1.1
hh3cMSForwardIndex: 1.3.6.1.4.1.25506.9.3.2.1.1.1
hh3cMSForwardMaxConnection: 1.3.6.1.4.1.25506.9.3.2.1.1.2
hh3cMSForwardTable: 1.3.6.1.4.1.25506.9.3.2.1
hh3cMSForwardTotalConn: 1.3.6.1.4.1.25506.9.3.2.1.1.7
hh3cMSForwardTotalTime: 1.3.6.1.4.1.25506.9.3.2.1.1.6
hh3cMSMan: 1.3.6.1.4.1.25506.9.3
hh3cMSManForwardConnectionRecoverTrap: 1.3.6.1.4.1.25506.9.3.3.0.4
hh3cMSManForwardConnectionThresholdTrap: 1.3.6.1.4.1.25506.9.3.3.0.3
hh3cMSManMIBObjects: 1.3.6.1.4.1.25506.9.3.1
hh3cMSManMIBTables: 1.3.6.1.4.1.25506.9.3.2
hh3cMSManMIBTrap: 1.3.6.1.4.1.25506.9.3.3
hh3cMSManRecordConnectionRecoverTrap: 1.3.6.1.4.1.25506.9.3.3.0.6
hh3cMSManRecordConnectionThresholdTrap: 1.3.6.1.4.1.25506.9.3.3.0.5
hh3cMSManTrapPrex: 1.3.6.1.4.1.25506.9.3.3.0
hh3cMSManVODConnectionRecoverTrap: 1.3.6.1.4.1.25506.9.3.3.0.2
hh3cMSManVODConnectionThresholdTrap: 1.3.6.1.4.1.25506.9.3.3.0.1
hh3cMSPeriodForwardConnection: 1.3.6.1.4.1.25506.9.3.2.1.1.5
hh3cMSPeriodRecordMaxConnection: 1.3.6.1.4.1.25506.9.3.2.3.1.5
hh3cMSPeriodVODMaxConnection: 1.3.6.1.4.1.25506.9.3.2.2.1.5
hh3cMSRecordConnectionThreshold: 1.3.6.1.4.1.25506.9.3.2.3.1.3
hh3cMSRecordEntry: 1.3.6.1.4.1.25506.9.3.2.3.1
hh3cMSRecordIndex: 1.3.6.1.4.1.25506.9.3.2.3.1.1
hh3cMSRecordMaxConnection: 1.3.6.1.4.1.25506.9.3.2.3.1.2
hh3cMSRecordTable: 1.3.6.1.4.1.25506.9.3.2.3
hh3cMSRecordTotalConn: 1.3.6.1.4.1.25506.9.3.2.3.1.7
hh3cMSRecordTotalTime: 1.3.6.1.4.1.25506.9.3.2.3.1.6
hh3cMSStatisticalPeriod: 1.3.6.1.4.1.25506.9.3.1.1
hh3cMSVODConnectionThreshold: 1.3.6.1.4.1.25506.9.3.2.2.1.3
hh3cMSVODEntry: 1.3.6.1.4.1.25506.9.3.2.2.1
hh3cMSVODIndex: 1.3.6.1.4.1.25506.9.3.2.2.1.1
hh3cMSVODMaxConnection: 1.3.6.1.4.1.25506.9.3.2.2.1.2
hh3cMSVODTable: 1.3.6.1.4.1.25506.9.3.2.2
hh3cMSVODTotalConn: 1.3.6.1.4.1.25506.9.3.2.2.1.7
hh3cMSVODTotalTime: 1.3.6.1.4.1.25506.9.3.2.2.1.6
