hh3cLswCrossBarStatus: 1.3.6.1.4.1.25506.8.35.17.5.1.2
hh3cLswLastSwitchDate: 1.3.6.1.4.1.25506.8.35.17.1
hh3cLswLastSwitchTime: 1.3.6.1.4.1.25506.8.35.17.2
hh3cLswMainCardBoardStatus: 1.3.6.1.4.1.25506.8.35.17.5.1.1
hh3cLswMix: 1.3.6.1.4.1.25506.8.35.17
hh3cLswMpuSwitch: 1.3.6.1.4.1.25506.8.35.17.4
hh3cLswMpuSwitchsNum: 1.3.6.1.4.1.25506.8.35.17.3
hh3cLswXSlotEntry: 1.3.6.1.4.1.25506.8.35.17.5.1
hh3cLswXSlotTable: 1.3.6.1.4.1.25506.8.35.17.5
hh3cSlaveSwitchOver: 1.3.6.1.4.1.25506.8.35.17.10.1
hh3csMixTrapMib: 1.3.6.1.4.1.25506.8.35.17.10
