hh3cStack: 1.3.6.1.4.1.25506.2.91
hh3cStackAutoUpdate: 1.3.6.1.4.1.25506.2.91.1.4
hh3cStackBelongtoPort: 1.3.6.1.4.1.25506.2.91.5.1.1
hh3cStackBoardBelongtoMember: 1.3.6.1.4.1.25506.2.91.3.1.2
hh3cStackBoardConfigEntry: 1.3.6.1.4.1.25506.2.91.3.1
hh3cStackBoardConfigTable: 1.3.6.1.4.1.25506.2.91.3
hh3cStackBoardRole: 1.3.6.1.4.1.25506.2.91.3.1.1
hh3cStackConfigMemberID: 1.3.6.1.4.1.25506.2.91.2.1.2
hh3cStackDeviceConfigEntry: 1.3.6.1.4.1.25506.2.91.2.1
hh3cStackDeviceConfigTable: 1.3.6.1.4.1.25506.2.91.2
hh3cStackGlobalConfig: 1.3.6.1.4.1.25506.2.91.1
hh3cStackLinkDelayInterval: 1.3.6.1.4.1.25506.2.91.1.6
hh3cStackMacPersistence: 1.3.6.1.4.1.25506.2.91.1.5
hh3cStackMaxConfigPriority: 1.3.6.1.4.1.25506.2.91.1.3
hh3cStackMaxMember: 1.3.6.1.4.1.25506.2.91.1.1
hh3cStackMemberID: 1.3.6.1.4.1.25506.2.91.2.1.1
hh3cStackMemberNum: 1.3.6.1.4.1.25506.2.91.1.2
hh3cStackNeighbor: 1.3.6.1.4.1.25506.2.91.4.1.4
hh3cStackPhyPortInfoEntry: 1.3.6.1.4.1.25506.2.91.5.1
hh3cStackPhyPortInfoTable: 1.3.6.1.4.1.25506.2.91.5
hh3cStackPortEnable: 1.3.6.1.4.1.25506.2.91.4.1.2
hh3cStackPortIndex: 1.3.6.1.4.1.25506.2.91.4.1.1
hh3cStackPortInfoEntry: 1.3.6.1.4.1.25506.2.91.4.1
hh3cStackPortInfoTable: 1.3.6.1.4.1.25506.2.91.4
hh3cStackPortLinkStatusChange: 1.3.6.1.4.1.25506.2.91.6.0.1
hh3cStackPortMaxNum: 1.3.6.1.4.1.25506.2.91.2.1.5
hh3cStackPortNum: 1.3.6.1.4.1.25506.2.91.2.1.4
hh3cStackPortStatus: 1.3.6.1.4.1.25506.2.91.4.1.3
hh3cStackPriority: 1.3.6.1.4.1.25506.2.91.2.1.3
hh3cStackTopology: 1.3.6.1.4.1.25506.2.91.1.7
hh3cStackTopologyChange: 1.3.6.1.4.1.25506.2.91.6.0.2
hh3cStackTrap: 1.3.6.1.4.1.25506.2.91.6
hh3cStackTrapOjbects: 1.3.6.1.4.1.25506.2.91.6.0
