hh3cDot11QoS: 1.3.6.1.4.1.25506.2.75.9
hh3cDot11RadioCacChlUtlValue: 1.3.6.1.4.1.25506.2.75.9.1.1.1.5
hh3cDot11RadioCacPolicy: 1.3.6.1.4.1.25506.2.75.9.1.1.1.4
hh3cDot11RadioCacUserNum: 1.3.6.1.4.1.25506.2.75.9.1.1.1.6
hh3cDot11RadioSVPMapToAC: 1.3.6.1.4.1.25506.2.75.9.1.1.1.3
hh3cDot11RadioWmmAC: 1.3.6.1.4.1.25506.2.75.9.1.2.1.1
hh3cDot11RadioWmmAifsn: 1.3.6.1.4.1.25506.2.75.9.1.2.1.2
hh3cDot11RadioWmmCfgEntry: 1.3.6.1.4.1.25506.2.75.9.1.1.1
hh3cDot11RadioWmmCfgTable: 1.3.6.1.4.1.25506.2.75.9.1.1
hh3cDot11RadioWmmEcwMax: 1.3.6.1.4.1.25506.2.75.9.1.2.1.4
hh3cDot11RadioWmmEcwMin: 1.3.6.1.4.1.25506.2.75.9.1.2.1.3
hh3cDot11RadioWmmEdcaCfgEntry: 1.3.6.1.4.1.25506.2.75.9.1.2.1
hh3cDot11RadioWmmEdcaCfgTable: 1.3.6.1.4.1.25506.2.75.9.1.2
hh3cDot11RadioWmmEnabled: 1.3.6.1.4.1.25506.2.75.9.1.1.1.2
hh3cDot11RadioWmmNoAck: 1.3.6.1.4.1.25506.2.75.9.1.2.1.6
hh3cDot11RadioWmmTxoplimit: 1.3.6.1.4.1.25506.2.75.9.1.2.1.5
hh3cDot11StationWmmAC: 1.3.6.1.4.1.25506.2.75.9.1.3.1.1
hh3cDot11StationWmmAifsn: 1.3.6.1.4.1.25506.2.75.9.1.3.1.2
hh3cDot11StationWmmCacEnabled: 1.3.6.1.4.1.25506.2.75.9.1.3.1.6
hh3cDot11StationWmmEcwMax: 1.3.6.1.4.1.25506.2.75.9.1.3.1.4
hh3cDot11StationWmmEcwMin: 1.3.6.1.4.1.25506.2.75.9.1.3.1.3
hh3cDot11StationWmmEdcaEntry: 1.3.6.1.4.1.25506.2.75.9.1.3.1
hh3cDot11StationWmmEdcaTable: 1.3.6.1.4.1.25506.2.75.9.1.3
hh3cDot11StationWmmTxoplimit: 1.3.6.1.4.1.25506.2.75.9.1.3.1.5
hh3cDot11WmmCfgGroup: 1.3.6.1.4.1.25506.2.75.9.1
hh3cDot11WmmRadioIndex: 1.3.6.1.4.1.25506.2.75.9.1.1.1.1
hh3cDot11WmmResetGroup: 1.3.6.1.4.1.25506.2.75.9.1.4
hh3cDot11WmmResetRadioByAP: 1.3.6.1.4.1.25506.2.75.9.1.4.1
hh3cDot11WmmResetStationByAP: 1.3.6.1.4.1.25506.2.75.9.1.4.2
