hh3cSnmpCommunityExAclNum: 1.3.6.1.4.1.25506.2.104.2.2.1.4
hh3cSnmpCommunityExEntry: 1.3.6.1.4.1.25506.2.104.2.2.1
hh3cSnmpCommunityExName: 1.3.6.1.4.1.25506.2.104.2.2.1.1
hh3cSnmpCommunityExRowStatus: 1.3.6.1.4.1.25506.2.104.2.2.1.5
hh3cSnmpCommunityExTable: 1.3.6.1.4.1.25506.2.104.2.2
hh3cSnmpCommunityExViewName: 1.3.6.1.4.1.25506.2.104.2.2.1.3
hh3cSnmpCommunityExWrite: 1.3.6.1.4.1.25506.2.104.2.2.1.2
hh3cSnmpExt: 1.3.6.1.4.1.25506.2.104
hh3cSnmpExtCommunityAclNum: 1.3.6.1.4.1.25506.2.104.2.1.1.4
hh3cSnmpExtCommunityEntry: 1.3.6.1.4.1.25506.2.104.2.1.1
hh3cSnmpExtCommunityName: 1.3.6.1.4.1.25506.2.104.2.1.1.3
hh3cSnmpExtCommunitySecurityLevel: 1.3.6.1.4.1.25506.2.104.2.1.1.1
hh3cSnmpExtCommunitySecurityName: 1.3.6.1.4.1.25506.2.104.2.1.1.2
hh3cSnmpExtCommunityTable: 1.3.6.1.4.1.25506.2.104.2.1
hh3cSnmpExtNotifications: 1.3.6.1.4.1.25506.2.104.3
hh3cSnmpExtReadCommunitySingle: 1.3.6.1.4.1.25506.2.104.1.2
hh3cSnmpExtScalarObjects: 1.3.6.1.4.1.25506.2.104.1
hh3cSnmpExtSnmpChannel: 1.3.6.1.4.1.25506.2.104.1.1
hh3cSnmpExtTables: 1.3.6.1.4.1.25506.2.104.2
hh3cSnmpExtWriteCommunitySingle: 1.3.6.1.4.1.25506.2.104.1.3
