hh3cVrrpExt: 1.3.6.1.4.1.25506.2.24
hh3cVrrpExtEntry: 1.3.6.1.4.1.25506.2.24.1.1.1
hh3cVrrpExtMibObject: 1.3.6.1.4.1.25506.2.24.1
hh3cVrrpExtPriorityReduce: 1.3.6.1.4.1.25506.2.24.1.1.1.2
hh3cVrrpExtRowStatus: 1.3.6.1.4.1.25506.2.24.1.1.1.3
hh3cVrrpExtTable: 1.3.6.1.4.1.25506.2.24.1.1
hh3cVrrpExtTrackInterface: 1.3.6.1.4.1.25506.2.24.1.1.1.1
