hh3cDhcpClientIpAddress: 1.3.6.1.4.1.25506.8.35.8.1.2.1.1
hh3cDhcpClientMacAddress: 1.3.6.1.4.1.25506.8.35.8.1.2.1.2
hh3cDhcpClientProperty: 1.3.6.1.4.1.25506.8.35.8.1.2.1.3
hh3cDhcpClientRowStatus: 1.3.6.1.4.1.25506.8.35.8.1.2.1.4
hh3cDhcpGroupEntry: 1.3.6.1.4.1.25506.8.35.8.1.1.1
hh3cDhcpGroupID: 1.3.6.1.4.1.25506.8.35.8.1.1.1.1
hh3cDhcpGroupTable: 1.3.6.1.4.1.25506.8.35.8.1.1
hh3cDhcpRowStatus: 1.3.6.1.4.1.25506.8.35.8.1.1.1.4
hh3cDhcpSecurityEntry: 1.3.6.1.4.1.25506.8.35.8.1.2.1
hh3cDhcpSecurityTable: 1.3.6.1.4.1.25506.8.35.8.1.2
hh3cDhcpToL3AddressCheck: 1.3.6.1.4.1.25506.8.35.8.1.3.1.3
hh3cDhcpToL3GroupId: 1.3.6.1.4.1.25506.8.35.8.1.3.1.2
hh3cDhcpToL3IfEntry: 1.3.6.1.4.1.25506.8.35.8.1.3.1
hh3cDhcpToL3IfTable: 1.3.6.1.4.1.25506.8.35.8.1.3
hh3cDhcpToL3RowStatus: 1.3.6.1.4.1.25506.8.35.8.1.3.1.4
hh3cDhcpToL3VlanIfIndex: 1.3.6.1.4.1.25506.8.35.8.1.3.1.1
hh3cIpDhcpServerAddress1: 1.3.6.1.4.1.25506.8.35.8.1.1.1.2
hh3cIpDhcpServerAddress2: 1.3.6.1.4.1.25506.8.35.8.1.1.1.3
hh3cLswDhcpMib: 1.3.6.1.4.1.25506.8.35.8
hh3cLswDhcpMibObject: 1.3.6.1.4.1.25506.8.35.8.1
