hh3cDSP: 1.3.6.1.4.1.25506.2.89
hh3cDSPEnPhysicalIndex: 1.3.6.1.4.1.25506.2.89.2.1.3
hh3cDSPInUseChannel: 1.3.6.1.4.1.25506.2.89.2.1.7
hh3cDSPIndex: 1.3.6.1.4.1.25506.2.89.2.1.1
hh3cDSPMaxChannel: 1.3.6.1.4.1.25506.2.89.2.1.5
hh3cDSPResetTime: 1.3.6.1.4.1.25506.2.89.2.1.4
hh3cDSPState: 1.3.6.1.4.1.25506.2.89.2.1.6
hh3cDSPStateChange: 1.3.6.1.4.1.25506.2.89.3.0.2
hh3cDSPStatusEntry: 1.3.6.1.4.1.25506.2.89.2.1
hh3cDSPStatusTable: 1.3.6.1.4.1.25506.2.89.2
hh3cDSPTrap: 1.3.6.1.4.1.25506.2.89.3
hh3cDSPTrapPrex: 1.3.6.1.4.1.25506.2.89.3.0
hh3cDSPVPMIndex: 1.3.6.1.4.1.25506.2.89.2.1.2
hh3cVPMEnPhysicalIndex: 1.3.6.1.4.1.25506.2.89.1.1.2
hh3cVPMHiWaterUtilization: 1.3.6.1.4.1.25506.2.89.1.1.5
hh3cVPMIndex: 1.3.6.1.4.1.25506.2.89.1.1.1
hh3cVPMMaxChannel: 1.3.6.1.4.1.25506.2.89.1.1.6
hh3cVPMResourceUtilization: 1.3.6.1.4.1.25506.2.89.1.1.4
hh3cVPMState: 1.3.6.1.4.1.25506.2.89.1.1.3
hh3cVPMStateChange: 1.3.6.1.4.1.25506.2.89.3.0.1
hh3cVPMStatusEntry: 1.3.6.1.4.1.25506.2.89.1.1
hh3cVPMStatusTable: 1.3.6.1.4.1.25506.2.89.1
