hh3cMplsOam: 1.3.6.1.4.1.25506.2.79
hh3cMplsOamCapability: 1.3.6.1.4.1.25506.2.79.1.1
hh3cMplsOamEgrDefectType: 1.3.6.1.4.1.25506.2.79.2.2.1.10
hh3cMplsOamEgrDetectFreq: 1.3.6.1.4.1.25506.2.79.2.2.1.4
hh3cMplsOamEgrDetectType: 1.3.6.1.4.1.25506.2.79.2.2.1.3
hh3cMplsOamEgrEnable: 1.3.6.1.4.1.25506.2.79.2.2.1.9
hh3cMplsOamEgrEntry: 1.3.6.1.4.1.25506.2.79.2.2.1
hh3cMplsOamEgrIndex: 1.3.6.1.4.1.25506.2.79.2.2.1.1
hh3cMplsOamEgrLSPInDefect: 1.3.6.1.4.1.25506.2.79.3.4
hh3cMplsOamEgrLSPOutDefect: 1.3.6.1.4.1.25506.2.79.3.3
hh3cMplsOamEgrLspId: 1.3.6.1.4.1.25506.2.79.2.2.1.8
hh3cMplsOamEgrLspName: 1.3.6.1.4.1.25506.2.79.2.2.1.2
hh3cMplsOamEgrLsrId: 1.3.6.1.4.1.25506.2.79.2.2.1.7
hh3cMplsOamEgrRevLspName: 1.3.6.1.4.1.25506.2.79.2.2.1.6
hh3cMplsOamEgrRevType: 1.3.6.1.4.1.25506.2.79.2.2.1.5
hh3cMplsOamEgrRowStatus: 1.3.6.1.4.1.25506.2.79.2.2.1.11
hh3cMplsOamEgrTable: 1.3.6.1.4.1.25506.2.79.2.2
hh3cMplsOamIgrDefectType: 1.3.6.1.4.1.25506.2.79.2.1.1.9
hh3cMplsOamIgrDetectFreq: 1.3.6.1.4.1.25506.2.79.2.1.1.4
hh3cMplsOamIgrDetectType: 1.3.6.1.4.1.25506.2.79.2.1.1.3
hh3cMplsOamIgrEnable: 1.3.6.1.4.1.25506.2.79.2.1.1.8
hh3cMplsOamIgrEntry: 1.3.6.1.4.1.25506.2.79.2.1.1
hh3cMplsOamIgrIndex: 1.3.6.1.4.1.25506.2.79.2.1.1.1
hh3cMplsOamIgrLSPInDefect: 1.3.6.1.4.1.25506.2.79.3.2
hh3cMplsOamIgrLSPOutDefect: 1.3.6.1.4.1.25506.2.79.3.1
hh3cMplsOamIgrLspId: 1.3.6.1.4.1.25506.2.79.2.1.1.7
hh3cMplsOamIgrLspName: 1.3.6.1.4.1.25506.2.79.2.1.1.2
hh3cMplsOamIgrRevLspName: 1.3.6.1.4.1.25506.2.79.2.1.1.6
hh3cMplsOamIgrRevType: 1.3.6.1.4.1.25506.2.79.2.1.1.5
hh3cMplsOamIgrRowStatus: 1.3.6.1.4.1.25506.2.79.2.1.1.10
hh3cMplsOamIgrTable: 1.3.6.1.4.1.25506.2.79.2.1
hh3cMplsOamNotifications: 1.3.6.1.4.1.25506.2.79.3
hh3cMplsOamScalarGroup: 1.3.6.1.4.1.25506.2.79.1
hh3cMplsOamTable: 1.3.6.1.4.1.25506.2.79.2
hh3cMplsOamTrapOpen: 1.3.6.1.4.1.25506.2.79.1.2
