hh3cConReAuth: 1.3.6.1.4.1.25506.2.2.1.3.1.1.2
hh3cConStatus: 1.3.6.1.4.1.25506.2.2.1.3
hh3cConStatusEntry: 1.3.6.1.4.1.25506.2.2.1.3.1.1
hh3cConStatusGroup: 1.3.6.1.4.1.25506.2.2.2.2.2
hh3cConStatusTable: 1.3.6.1.4.1.25506.2.2.1.3.1
hh3cConUserIndex: 1.3.6.1.4.1.25506.2.2.1.3.1.1.1
hh3cLogIn: 1.3.6.1.4.1.25506.2.2.1.1.3.0.1
hh3cLogInAuthenFailure: 1.3.6.1.4.1.25506.2.2.1.1.3.0.3
hh3cLogOut: 1.3.6.1.4.1.25506.2.2.1.1.3.0.2
hh3cTerminalSource: 1.3.6.1.4.1.25506.2.2.1.1.2.2
hh3cTerminalUserAuthFailureReason: 1.3.6.1.4.1.25506.2.2.1.1.2.3
hh3cTerminalUserName: 1.3.6.1.4.1.25506.2.2.1.1.2.1
hh3cUIBasicInfo: 1.3.6.1.4.1.25506.2.2.1.1
hh3cUIMgt: 1.3.6.1.4.1.25506.2.2
hh3cUIMgtBasicGroup: 1.3.6.1.4.1.25506.2.2.2.2.1
hh3cUIMgtMIBCompliance: 1.3.6.1.4.1.25506.2.2.2.1.1
hh3cUIMgtMIBCompliances: 1.3.6.1.4.1.25506.2.2.2.1
hh3cUIMgtMIBConformance18: 1.3.6.1.4.1.25506.2.2.2
hh3cUIMgtManMIBGroups: 1.3.6.1.4.1.25506.2.2.2.2
hh3cUIMgtObjects: 1.3.6.1.4.1.25506.2.2.1
hh3cUINotifications: 1.3.6.1.4.1.25506.2.2.1.1.3
hh3cUINotificationsPrefix: 1.3.6.1.4.1.25506.2.2.1.1.3.0
hh3cUIScalarObjects: 1.3.6.1.4.1.25506.2.2.1.1.1
hh3cUITrapBindObjects: 1.3.6.1.4.1.25506.2.2.1.1.2
hh3cVtyAccAclNum: 1.3.6.1.4.1.25506.2.2.1.2.1.1.3
hh3cVtyAccConnway: 1.3.6.1.4.1.25506.2.2.1.2.1.1.2
hh3cVtyAccEntry: 1.3.6.1.4.1.25506.2.2.1.2.1.1
hh3cVtyAccEntryRowStatus: 1.3.6.1.4.1.25506.2.2.1.2.1.1.4
hh3cVtyAccTable: 1.3.6.1.4.1.25506.2.2.1.2.1
hh3cVtyAccUserIndex: 1.3.6.1.4.1.25506.2.2.1.2.1.1.1
hh3cVtyMan: 1.3.6.1.4.1.25506.2.2.1.2
