hh3cChanbIsdnAddr: 1.3.6.1.4.1.25506.8.36.9.1.1.1.1.3
hh3cChanbIsdnCall: 1.3.6.1.4.1.25506.8.36.9.2.1
hh3cChanbIsdnCallAccept: 1.3.6.1.4.1.25506.8.36.9.1.1.1.1.10
hh3cChanbIsdnCallFailure: 1.3.6.1.4.1.25506.8.36.9.1.1.1.1.13
hh3cChanbIsdnCallFreeCode: 1.3.6.1.4.1.25506.8.36.9.1.1.1.1.9
hh3cChanbIsdnCallFreeReason: 1.3.6.1.4.1.25506.8.36.9.1.1.1.1.8
hh3cChanbIsdnCallReject: 1.3.6.1.4.1.25506.8.36.9.1.1.1.1.11
hh3cChanbIsdnCallSuccess: 1.3.6.1.4.1.25506.8.36.9.1.1.1.1.12
hh3cChanbIsdnCallType: 1.3.6.1.4.1.25506.8.36.9.1.1.1.1.5
hh3cChanbIsdnCallerAddr: 1.3.6.1.4.1.25506.8.36.9.1.1.1.1.4
hh3cChanbIsdnEntry: 1.3.6.1.4.1.25506.8.36.9.1.1.1.1
hh3cChanbIsdnIf: 1.3.6.1.4.1.25506.8.36.9.1.1.1.1.1
hh3cChanbIsdnInfoType: 1.3.6.1.4.1.25506.8.36.9.1.1.1.1.6
hh3cChanbIsdnLastCallTime: 1.3.6.1.4.1.25506.8.36.9.1.1.1.1.16
hh3cChanbIsdnLastKeepTime: 1.3.6.1.4.1.25506.8.36.9.1.1.1.1.15
hh3cChanbIsdnMaxKeepTime: 1.3.6.1.4.1.25506.8.36.9.1.1.1.1.14
hh3cChanbIsdnPermit: 1.3.6.1.4.1.25506.8.36.9.1.1.1.1.2
hh3cChanbIsdnState: 1.3.6.1.4.1.25506.8.36.9.1.1.1.1.7
hh3cChanbIsdnTable: 1.3.6.1.4.1.25506.8.36.9.1.1.1
hh3cChanbTrapEnable: 1.3.6.1.4.1.25506.8.36.9.1.1.2
hh3cIsdnLapd: 1.3.6.1.4.1.25506.8.36.9.1.3
hh3cIsdnMib: 1.3.6.1.4.1.25506.8.36.9
hh3cIsdnMibObjects: 1.3.6.1.4.1.25506.8.36.9.1
hh3cIsdnMibTraps: 1.3.6.1.4.1.25506.8.36.9.2
hh3cLapdIsdnControl: 1.3.6.1.4.1.25506.8.36.9.1.3.2
hh3cLapdIsdnEntry: 1.3.6.1.4.1.25506.8.36.9.1.3.1.1
hh3cLapdIsdnIf: 1.3.6.1.4.1.25506.8.36.9.1.3.1.1.1
hh3cLapdIsdnIfMode: 1.3.6.1.4.1.25506.8.36.9.1.3.1.1.3
hh3cLapdIsdnLinkStatus: 1.3.6.1.4.1.25506.8.36.9.1.3.1.1.4
hh3cLapdIsdnProtocol: 1.3.6.1.4.1.25506.8.36.9.1.3.1.1.2
hh3cLapdIsdnStatusChange: 1.3.6.1.4.1.25506.8.36.9.2.4
hh3cLapdIsdnTable: 1.3.6.1.4.1.25506.8.36.9.1.3.1
hh3cLapdStatusTrapEnable: 1.3.6.1.4.1.25506.8.36.9.1.3.2.1
hh3cQ931CallClearTrapEnable: 1.3.6.1.4.1.25506.8.36.9.1.2.1.2
hh3cQ931CallSetupTrapEnable: 1.3.6.1.4.1.25506.8.36.9.1.2.1.1
hh3cQ931IsdnCallClear: 1.3.6.1.4.1.25506.8.36.9.2.3
hh3cQ931IsdnCallDirection: 1.3.6.1.4.1.25506.8.36.9.1.2.2.1.5
hh3cQ931IsdnCallSetup: 1.3.6.1.4.1.25506.8.36.9.2.2
hh3cQ931IsdnCallTimeClose: 1.3.6.1.4.1.25506.8.36.9.1.2.2.1.7
hh3cQ931IsdnCallTimeOpen: 1.3.6.1.4.1.25506.8.36.9.1.2.2.1.6
hh3cQ931IsdnControl: 1.3.6.1.4.1.25506.8.36.9.1.2.1
hh3cQ931IsdnEntry: 1.3.6.1.4.1.25506.8.36.9.1.2.2.1
hh3cQ931IsdnLastCalled: 1.3.6.1.4.1.25506.8.36.9.1.2.2.1.2
hh3cQ931IsdnLastCalling: 1.3.6.1.4.1.25506.8.36.9.1.2.2.1.3
hh3cQ931IsdnLastCauseDisc: 1.3.6.1.4.1.25506.8.36.9.1.2.2.1.4
hh3cQ931IsdnOpIndex: 1.3.6.1.4.1.25506.8.36.9.1.2.2.1.1
hh3cQ931IsdnTable: 1.3.6.1.4.1.25506.8.36.9.1.2.2
hh3cisdnChannelB: 1.3.6.1.4.1.25506.8.36.9.1.1
hh3cisdnQ931: 1.3.6.1.4.1.25506.8.36.9.1.2
