hh3cVoiceIfCfgCngOn: 1.3.6.1.4.1.25506.2.39.13.1.1.1.1
hh3cVoiceIfCfgEchoCancelDelay: 1.3.6.1.4.1.25506.2.39.13.1.1.1.6
hh3cVoiceIfCfgEchoCancelSwitch: 1.3.6.1.4.1.25506.2.39.13.1.1.1.5
hh3cVoiceIfCfgInputGain: 1.3.6.1.4.1.25506.2.39.13.1.1.1.3
hh3cVoiceIfCfgNonLinearSwitch: 1.3.6.1.4.1.25506.2.39.13.1.1.1.2
hh3cVoiceIfCfgOutputGain: 1.3.6.1.4.1.25506.2.39.13.1.1.1.4
hh3cVoiceIfCfgPrivateline: 1.3.6.1.4.1.25506.2.39.13.1.1.1.9
hh3cVoiceIfCfgRegTone: 1.3.6.1.4.1.25506.2.39.13.1.1.1.10
hh3cVoiceIfCfgTimerDialInterval: 1.3.6.1.4.1.25506.2.39.13.1.1.1.7
hh3cVoiceIfCfgTimerFirstDial: 1.3.6.1.4.1.25506.2.39.13.1.1.1.8
hh3cVoiceIfConfigEntry: 1.3.6.1.4.1.25506.2.39.13.1.1.1
hh3cVoiceIfConfigTable: 1.3.6.1.4.1.25506.2.39.13.1.1
hh3cVoiceIfObjects: 1.3.6.1.4.1.25506.2.39.13.1
hh3cVoiceInterface: 1.3.6.1.4.1.25506.2.39.13
