hh3cDldp2: 1.3.6.1.4.1.25506.2.117
hh3cDldp2AuthMode: 1.3.6.1.4.1.25506.2.117.1.3
hh3cDldp2AuthPassword: 1.3.6.1.4.1.25506.2.117.1.4
hh3cDldp2GlobalEnable: 1.3.6.1.4.1.25506.2.117.1.1
hh3cDldp2Interval: 1.3.6.1.4.1.25506.2.117.1.2
hh3cDldp2NeighborAgingTime: 1.3.6.1.4.1.25506.2.117.2.3.1.4
hh3cDldp2NeighborBridgeMac: 1.3.6.1.4.1.25506.2.117.2.3.1.1
hh3cDldp2NeighborEntry: 1.3.6.1.4.1.25506.2.117.2.3.1
hh3cDldp2NeighborPortIndex: 1.3.6.1.4.1.25506.2.117.2.3.1.2
hh3cDldp2NeighborStatus: 1.3.6.1.4.1.25506.2.117.2.3.1.3
hh3cDldp2NeighborTable: 1.3.6.1.4.1.25506.2.117.2.3
hh3cDldp2PortConfigEntry: 1.3.6.1.4.1.25506.2.117.2.1.1
hh3cDldp2PortConfigTable: 1.3.6.1.4.1.25506.2.117.2.1
hh3cDldp2PortEnable: 1.3.6.1.4.1.25506.2.117.2.1.1.1
hh3cDldp2PortLinkStatus: 1.3.6.1.4.1.25506.2.117.2.2.1.2
hh3cDldp2PortOperStatus: 1.3.6.1.4.1.25506.2.117.2.2.1.1
hh3cDldp2PortStatusEntry: 1.3.6.1.4.1.25506.2.117.2.2.1
hh3cDldp2PortStatusTable: 1.3.6.1.4.1.25506.2.117.2.2
hh3cDldp2ScalarGroup: 1.3.6.1.4.1.25506.2.117.1
hh3cDldp2TableGroup: 1.3.6.1.4.1.25506.2.117.2
hh3cDldp2Trap: 1.3.6.1.4.1.25506.2.117.4
hh3cDldp2TrapBidLink: 1.3.6.1.4.1.25506.2.117.4.0.2
hh3cDldp2TrapBindObjects: 1.3.6.1.4.1.25506.2.117.3
hh3cDldp2TrapPrefix: 1.3.6.1.4.1.25506.2.117.4.0
hh3cDldp2TrapUniLink: 1.3.6.1.4.1.25506.2.117.4.0.1
hh3cDldp2UniShutdown: 1.3.6.1.4.1.25506.2.117.1.5
