hh3cQoSCapabilityEntry: 1.3.6.1.4.1.25506.7.1.1.1.1.1
hh3cQoSCapabilityGroup: 1.3.6.1.4.1.25506.7.1.1.1
hh3cQoSCapabilityMibObjects: 1.3.6.1.4.1.25506.7.1.1
hh3cQoSCapabilityPhysicalIndex: 1.3.6.1.4.1.25506.7.1.1.1.1.1.2
hh3cQoSCapabilityPhysicalType: 1.3.6.1.4.1.25506.7.1.1.1.1.1.1
hh3cQoSCapabilityTable: 1.3.6.1.4.1.25506.7.1.1.1.1
hh3cQoSCharacteristicsIndex: 1.3.6.1.4.1.25506.7.1.1.1.1.1.4
hh3cQoSCharacteristicsValue: 1.3.6.1.4.1.25506.7.1.1.1.1.1.5
hh3cQoSModuleIndex: 1.3.6.1.4.1.25506.7.1.1.1.1.1.3
hh3cQosCapability: 1.3.6.1.4.1.25506.7.1
