conns: 1.3.6.1.4.1.12196.12.3
inBytes: 1.3.6.1.4.1.12196.12.6
inPkts: 1.3.6.1.4.1.12196.12.4
ipvs: 1.3.6.1.4.1.12196.12
ipvsRSTable: 1.3.6.1.4.1.12196.12.2
ipvsRSTotalTable: 1.3.6.1.4.1.12196.12.8
ipvsVSTable: 1.3.6.1.4.1.12196.12.1
outBytes: 1.3.6.1.4.1.12196.12.7
outPkts: 1.3.6.1.4.1.12196.12.5
rSActiveConns: 1.3.6.1.4.1.12196.12.2.1.17
rSConns: 1.3.6.1.4.1.12196.12.2.1.12
rSDesc: 1.3.6.1.4.1.12196.12.2.1.11
rSInBytes: 1.3.6.1.4.1.12196.12.2.1.15
rSInPkts: 1.3.6.1.4.1.12196.12.2.1.13
rSInactiveConns: 1.3.6.1.4.1.12196.12.2.1.18
rSOutBytes: 1.3.6.1.4.1.12196.12.2.1.16
rSOutPkts: 1.3.6.1.4.1.12196.12.2.1.14
rSVSidx: 1.3.6.1.4.1.12196.12.2.1.2
rSWeight: 1.3.6.1.4.1.12196.12.2.1.19
rSidx: 1.3.6.1.4.1.12196.12.2.1.1
rsEntry: 1.3.6.1.4.1.12196.12.2.1
rsTotalEntry: 1.3.6.1.4.1.12196.12.8.1
totRSActiveConns: 1.3.6.1.4.1.12196.12.8.1.8
totRSConns: 1.3.6.1.4.1.12196.12.8.1.3
totRSDesc: 1.3.6.1.4.1.12196.12.8.1.2
totRSInBytes: 1.3.6.1.4.1.12196.12.8.1.6
totRSInPkts: 1.3.6.1.4.1.12196.12.8.1.4
totRSInactiveConns: 1.3.6.1.4.1.12196.12.8.1.9
totRSOutBytes: 1.3.6.1.4.1.12196.12.8.1.7
totRSOutPkts: 1.3.6.1.4.1.12196.12.8.1.5
totRSidx: 1.3.6.1.4.1.12196.12.8.1.1
vSActivConns: 1.3.6.1.4.1.12196.12.1.1.17
vSConns: 1.3.6.1.4.1.12196.12.1.1.12
vSDesc: 1.3.6.1.4.1.12196.12.1.1.11
vSInBytes: 1.3.6.1.4.1.12196.12.1.1.15
vSInPkts: 1.3.6.1.4.1.12196.12.1.1.13
vSOutBytes: 1.3.6.1.4.1.12196.12.1.1.16
vSOutPkts: 1.3.6.1.4.1.12196.12.1.1.14
vSidx: 1.3.6.1.4.1.12196.12.1.1.1
vsEntry: 1.3.6.1.4.1.12196.12.1.1
