asyncOSAppliances: 1.3.6.1.4.1.15497.1
asyncOSMail: 1.3.6.1.4.1.15497.1.1
asyncOSWebSecurityAppliance: 1.3.6.1.4.1.15497.1.2
ironPort: 1.3.6.1.4.1.15497
