basicCompliance: 1.6.2.1
currentNotificationGroup: 1.6.1.2
currentObjectGroup: 1.6.1.1
event: 1.3.6.1.4.1.34774.4.1.3
eventEntry: 1.3.6.1.4.1.34774.4.1.3.1.1
eventTable: 1.3.6.1.4.1.34774.4.1.3.1
eventType: 1.3.6.1.4.1.34774.4.1.4.2
forwardAddrEntry: 1.3.6.1.4.1.34774.4.1.2.1.1
forwardAddrIP: 1.3.6.1.4.1.34774.4.1.2.1.1.2
forwardAddrIPNew: 1.3.6.1.4.1.34774.4.1.2.1.1.6
forwardAddrIndex: 1.3.6.1.4.1.34774.4.1.2.1.1.1
forwardAddrPort: 1.3.6.1.4.1.34774.4.1.2.1.1.3
forwardAddrRowStatus: 1.3.6.1.4.1.34774.4.1.2.1.1.5
forwardAddrTable: 1.3.6.1.4.1.34774.4.1.2.1
forwardAddrTrapType: 1.3.6.1.4.1.34774.4.1.2.1.1.7
forwardAddrTrapVer: 1.3.6.1.4.1.34774.4.1.2.1.1.4
huaweistorage: 1.3.6.1.4.1.34774
hwISM: 1.3.6.1.4.1.34774.4.1
hwIsmEventID: 1.3.6.1.4.1.34774.4.1.3.1.1.2
hwIsmEventLevel: 1.3.6.1.4.1.34774.4.1.3.1.1.3
hwIsmEventParameter: 1.3.6.1.4.1.34774.4.1.3.1.1.7
hwIsmEventRecoveryTime: 1.3.6.1.4.1.34774.4.1.3.1.1.6
hwIsmEventRowStatus: 1.3.6.1.4.1.34774.4.1.3.1.1.20
hwIsmEventSequence: 1.3.6.1.4.1.34774.4.1.3.1.1.4
hwIsmEventTime: 1.3.6.1.4.1.34774.4.1.3.1.1.5
hwIsmEventType: 1.3.6.1.4.1.34774.4.1.3.1.1.1
hwIsmTrapEventID: 1.3.6.1.4.1.34774.4.1.3.3.2
hwIsmTrapEventID32Bit: 1.3.6.1.4.1.34774.4.1.3.3.8
hwIsmTrapEventLevel: 1.3.6.1.4.1.34774.4.1.3.3.3
hwIsmTrapEventParameter: 1.3.6.1.4.1.34774.4.1.3.3.7
hwIsmTrapEventRecoveryTime: 1.3.6.1.4.1.34774.4.1.3.3.6
hwIsmTrapEventRecoveryTimeStr: 1.3.6.1.4.1.34774.4.1.3.3.10
hwIsmTrapEventSequence: 1.3.6.1.4.1.34774.4.1.3.3.4
hwIsmTrapEventTime: 1.3.6.1.4.1.34774.4.1.3.3.5
hwIsmTrapEventTimeStr: 1.3.6.1.4.1.34774.4.1.3.3.9
hwIsmTrapEventType: 1.3.6.1.4.1.34774.4.1.3.3.1
hwStorage: 1.3.6.1.4.1.34774.4
isoCompliances: 1.6.2
isoConformance: '1.6'
isoGroups: 1.6.1
notificationType: 1.3.6.1.4.1.34774.4.1.4
trapAddress: 1.3.6.1.4.1.34774.4.1.2
trapEvent: 1.3.6.1.4.1.34774.4.1.3.3
