lenovoEnvMIB: 1.3.6.1.4.1.19046.2.3.11
lenovoEnvMIBTempSensorSetPoint: 1.3.6.1.4.1.19046.2.3.11.1.4.3
lenovoEnvMIBTempSensorShutdown: 1.3.6.1.4.1.19046.2.3.11.1.4.2
lenovoEnvMIBTempSensorWarning: 1.3.6.1.4.1.19046.2.3.11.1.4.1
lenovoEnvMibFanAirFlow: 1.3.6.1.4.1.19046.2.3.11.1.2.1.6
lenovoEnvMibFanDesc: 1.3.6.1.4.1.19046.2.3.11.1.2.1.3
lenovoEnvMibFanEntry: 1.3.6.1.4.1.19046.2.3.11.1.2.1
lenovoEnvMibFanFailure: 1.3.6.1.4.1.19046.2.3.11.3.0.3
lenovoEnvMibFanFixed: 1.3.6.1.4.1.19046.2.3.11.3.0.4
lenovoEnvMibFanID: 1.3.6.1.4.1.19046.2.3.11.1.2.1.2
lenovoEnvMibFanIndex: 1.3.6.1.4.1.19046.2.3.11.1.2.1.1
lenovoEnvMibFanModule: 1.3.6.1.4.1.19046.2.3.11.1.2.1.7
lenovoEnvMibFanName: 1.3.6.1.4.1.19046.2.3.11.1.2.1.4
lenovoEnvMibFanSpeedPercent: 1.3.6.1.4.1.19046.2.3.11.1.2.1.9
lenovoEnvMibFanSpeedRPM: 1.3.6.1.4.1.19046.2.3.11.1.2.1.8
lenovoEnvMibFanState: 1.3.6.1.4.1.19046.2.3.11.1.2.1.5
lenovoEnvMibFanTable: 1.3.6.1.4.1.19046.2.3.11.1.2
lenovoEnvMibNotificationObjects: 1.3.6.1.4.1.19046.2.3.11.3.1
lenovoEnvMibNotificationPrefix: 1.3.6.1.4.1.19046.2.3.11.3
lenovoEnvMibNotifications: 1.3.6.1.4.1.19046.2.3.11.3.0
lenovoEnvMibObjects: 1.3.6.1.4.1.19046.2.3.11.1
lenovoEnvMibPowerSupplyDesc: 1.3.6.1.4.1.19046.2.3.11.1.1.1.3
lenovoEnvMibPowerSupplyEntry: 1.3.6.1.4.1.19046.2.3.11.1.1.1
lenovoEnvMibPowerSupplyFailure: 1.3.6.1.4.1.19046.2.3.11.3.0.1
lenovoEnvMibPowerSupplyFixed: 1.3.6.1.4.1.19046.2.3.11.3.0.2
lenovoEnvMibPowerSupplyID: 1.3.6.1.4.1.19046.2.3.11.1.1.1.2
lenovoEnvMibPowerSupplyIndex: 1.3.6.1.4.1.19046.2.3.11.1.1.1.1
lenovoEnvMibPowerSupplyName: 1.3.6.1.4.1.19046.2.3.11.1.1.1.4
lenovoEnvMibPowerSupplyState: 1.3.6.1.4.1.19046.2.3.11.1.1.1.5
lenovoEnvMibPowerSupplyTable: 1.3.6.1.4.1.19046.2.3.11.1.1
lenovoEnvMibTempSensorDesc: 1.3.6.1.4.1.19046.2.3.11.1.3.1.3
lenovoEnvMibTempSensorEntry: 1.3.6.1.4.1.19046.2.3.11.1.3.1
lenovoEnvMibTempSensorFailure: 1.3.6.1.4.1.19046.2.3.11.3.0.5
lenovoEnvMibTempSensorFixed: 1.3.6.1.4.1.19046.2.3.11.3.0.6
lenovoEnvMibTempSensorID: 1.3.6.1.4.1.19046.2.3.11.1.3.1.2
lenovoEnvMibTempSensorIndex: 1.3.6.1.4.1.19046.2.3.11.1.3.1.1
lenovoEnvMibTempSensorName: 1.3.6.1.4.1.19046.2.3.11.1.3.1.4
lenovoEnvMibTempSensorState: 1.3.6.1.4.1.19046.2.3.11.1.3.1.5
lenovoEnvMibTempSensorTable: 1.3.6.1.4.1.19046.2.3.11.1.3
lenovoEnvMibTempSensorTemperature: 1.3.6.1.4.1.19046.2.3.11.1.3.1.6
lenovoEnvMibTempSensorThreshold: 1.3.6.1.4.1.19046.2.3.11.3.1.1
lenovoEnvMibTempSensorThresholds: 1.3.6.1.4.1.19046.2.3.11.1.4
