mimosa: 1.3.6.1.4.1.43356
mimosaA5: 1.3.6.1.4.1.43356.1.1.3
mimosaB5: 1.3.6.1.4.1.43356.1.1.1
mimosaB5Lite: 1.3.6.1.4.1.43356.1.1.2
mimosaC5: 1.3.6.1.4.1.43356.1.1.4
mimosaConformanceGroup: 1.3.6.1.4.1.43356.2.4
mimosaCriticalFault: 1.3.6.1.4.1.43356.2.0.1
mimosaEthernetSpeedChange: 1.3.6.1.4.1.43356.2.0.4
mimosaGenericNotificationsGroup: 1.3.6.1.4.1.43356.2.3.2
mimosaHardware: 1.3.6.1.4.1.43356.1.1
mimosaMIBGroups: 1.3.6.1.4.1.43356.2.3
mimosaMgmt: 1.3.6.1.4.1.43356.2
mimosaMib: 1.3.6.1.4.1.43356.2.1
mimosaNewSpeed: 1.3.6.1.4.1.43356.2.1.1.3
mimosaOldSpeed: 1.3.6.1.4.1.43356.2.1.1.2
mimosaProduct: 1.3.6.1.4.1.43356.1
mimosaSoftware: 1.3.6.1.4.1.43356.1.2
mimosaTempNormal: 1.3.6.1.4.1.43356.2.0.3
mimosaTempWarning: 1.3.6.1.4.1.43356.2.0.2
mimosaTrap: 1.3.6.1.4.1.43356.2.0
mimosaTrapMIBGroup: 1.3.6.1.4.1.43356.2.3.1
mimosaTrapMessage: 1.3.6.1.4.1.43356.2.1.1.1
mimosaTrapMib: 1.3.6.1.4.1.43356.2.1.1
mimosaWireless: 1.3.6.1.4.1.43356.2.1.2
