mseries: 1.3.6.1.4.1.30826.1
smartoptics: 1.3.6.1.4.1.30826
