dcdcEfficiency: 1.3.6.1.4.1.46242.8
dcdcInputCurrent: 1.3.6.1.4.1.46242.7
fanEntry: 1.3.6.1.4.1.46242.2.1
fanIndex: 1.3.6.1.4.1.46242.2.1.1
fanSpeed: 1.3.6.1.4.1.46242.2.1.2
fanTable: 1.3.6.1.4.1.46242.2
firmwareVersion: 1.3.6.1.4.1.46242.1
netonixSwitch: 1.3.6.1.4.1.46242
netonixSwitchCompliance: 1.3.6.1.4.1.46242.99.2.1
netonixSwitchCompliances: 1.3.6.1.4.1.46242.99.2
netonixSwitchConformance: 1.3.6.1.4.1.46242.99
netonixSwitchGroup: 1.3.6.1.6.3.1.2.2.8
netonixSwitchGroups: 1.3.6.1.4.1.46242.99.1
poeStatus: 1.3.6.1.4.1.46242.5.1.2
poeStatusEntry: 1.3.6.1.4.1.46242.5.1
poeStatusIndex: 1.3.6.1.4.1.46242.5.1.1
poeStatusTable: 1.3.6.1.4.1.46242.5
temp: 1.3.6.1.4.1.46242.3.1.3
tempDescription: 1.3.6.1.4.1.46242.3.1.2
tempEntry: 1.3.6.1.4.1.46242.3.1
tempIndex: 1.3.6.1.4.1.46242.3.1.1
tempTable: 1.3.6.1.4.1.46242.3
totalPowerConsumption: 1.3.6.1.4.1.46242.6
voltage: 1.3.6.1.4.1.46242.4.1.3
voltageDescription: 1.3.6.1.4.1.46242.4.1.2
voltageEntry: 1.3.6.1.4.1.46242.4.1
voltageIndex: 1.3.6.1.4.1.46242.4.1.1
voltageTable: 1.3.6.1.4.1.46242.4
