ogDataMib: 1.3.6.1.4.1.25049.10.17
ogDataMibCompliance: 1.3.6.1.4.1.25049.10.17.3.1.1
ogDataMibCompliances: 1.3.6.1.4.1.25049.10.17.3.1
ogDataMibConformance: 1.3.6.1.4.1.25049.10.17.3
ogDataMibGroup: 1.3.6.1.4.1.25049.10.17.3.2.1
ogDataMibGroups: 1.3.6.1.4.1.25049.10.17.3.2
ogDataMibNotificationPrefix: 1.3.6.1.4.1.25049.10.17.2
ogDataMibObjects: 1.3.6.1.4.1.25049.10.17.10
ogdataEvent: 1.3.6.1.4.1.25049.10.17.10.1
ogdataEventBytes: 1.3.6.1.4.1.25049.10.17.10.1.1.1.10
ogdataEventDevice: 1.3.6.1.4.1.25049.10.17.10.1.1.1.12
ogdataEventEntry: 1.3.6.1.4.1.25049.10.17.10.1.1.1
ogdataEventIndex: 1.3.6.1.4.1.25049.10.17.10.1.1.1.1
ogdataEventOccurred: 1.3.6.1.4.1.25049.10.17.2.0.200
ogdataEventSeconds: 1.3.6.1.4.1.25049.10.17.10.1.1.1.11
ogdataEventState: 1.3.6.1.4.1.25049.10.17.10.1.1.1.13
ogdataEventTable: 1.3.6.1.4.1.25049.10.17.10.1.1
ogdataMibNotifications: 1.3.6.1.4.1.25049.10.17.2.0
ogdataNotificationsGroup: 1.3.6.1.4.1.25049.10.17.3.2.2
