ogHostMib: 1.3.6.1.4.1.25049.10.14
ogHostMibCompliance: 1.3.6.1.4.1.25049.10.14.3.1.1
ogHostMibCompliances: 1.3.6.1.4.1.25049.10.14.3.1
ogHostMibConformance: 1.3.6.1.4.1.25049.10.14.3
ogHostMibGroup: 1.3.6.1.4.1.25049.10.14.3.2.1
ogHostMibGroups: 1.3.6.1.4.1.25049.10.14.3.2
ogHostMibNotificationPrefix: 1.3.6.1.4.1.25049.10.14.2
ogHostMibObjects: 1.3.6.1.4.1.25049.10.14.10
oghostEvent: 1.3.6.1.4.1.25049.10.14.10.1
oghostEventAddress: 1.3.6.1.4.1.25049.10.14.10.1.1.1.12
oghostEventDescription: 1.3.6.1.4.1.25049.10.14.10.1.1.1.13
oghostEventEntry: 1.3.6.1.4.1.25049.10.14.10.1.1.1
oghostEventIndex: 1.3.6.1.4.1.25049.10.14.10.1.1.1.1
oghostEventOccurred: 1.3.6.1.4.1.25049.10.14.2.0.200
oghostEventPort: 1.3.6.1.4.1.25049.10.14.10.1.1.1.15
oghostEventProtocol: 1.3.6.1.4.1.25049.10.14.10.1.1.1.14
oghostEventTable: 1.3.6.1.4.1.25049.10.14.10.1.1
oghostEventType: 1.3.6.1.4.1.25049.10.14.10.1.1.1.11
oghostEventUsername: 1.3.6.1.4.1.25049.10.14.10.1.1.1.10
oghostMibNotifications: 1.3.6.1.4.1.25049.10.14.2.0
oghostNotificationsGroup: 1.3.6.1.4.1.25049.10.14.3.2.2
