ogACM500x: 1.3.6.1.4.1.25049.1.80
ogACM550x: 1.3.6.1.4.1.25049.1.81
ogACM70045: 1.3.6.1.4.1.25049.1.91
ogACM700x: 1.3.6.1.4.1.25049.1.90
ogCD: 1.3.6.1.4.1.25049.1.30
ogCM4001: 1.3.6.1.4.1.25049.1.1
ogCM4002: 1.3.6.1.4.1.25049.1.2
ogCM4008: 1.3.6.1.4.1.25049.1.3
ogCM41xx: 1.3.6.1.4.1.25049.1.10
ogCM71xx: 1.3.6.1.4.1.25049.1.11
ogCMS61xx: 1.3.6.1.4.1.25049.1.40
ogCMx86: 1.3.6.1.4.1.25049.1.31
ogIM4004: 1.3.6.1.4.1.25049.1.50
ogIM42xx: 1.3.6.1.4.1.25049.1.60
ogIM72xx: 1.3.6.1.4.1.25049.1.61
ogKCS61xx: 1.3.6.1.4.1.25049.1.70
ogLighthouse: 1.3.6.1.4.1.25049.1.41
ogProductsMib: 1.3.6.1.4.1.25049.11.2
ogSD4001: 1.3.6.1.4.1.25049.1.20
ogSD4001DW: 1.3.6.1.4.1.25049.1.23
ogSD4002: 1.3.6.1.4.1.25049.1.21
ogSD4002DX: 1.3.6.1.4.1.25049.1.24
ogSD4008: 1.3.6.1.4.1.25049.1.22
