ogPatternMib: 1.3.6.1.4.1.25049.10.12
ogPatternMibCompliance: 1.3.6.1.4.1.25049.10.12.3.1.1
ogPatternMibCompliances: 1.3.6.1.4.1.25049.10.12.3.1
ogPatternMibConformance: 1.3.6.1.4.1.25049.10.12.3
ogPatternMibGroup: 1.3.6.1.4.1.25049.10.12.3.2.1
ogPatternMibGroups: 1.3.6.1.4.1.25049.10.12.3.2
ogPatternMibNotificationPrefix: 1.3.6.1.4.1.25049.10.12.2
ogPatternMibObjects: 1.3.6.1.4.1.25049.10.12.10
ogpatnEvent: 1.3.6.1.4.1.25049.10.12.10.1
ogpatnEventDescription: 1.3.6.1.4.1.25049.10.12.10.1.1.1.10
ogpatnEventEntry: 1.3.6.1.4.1.25049.10.12.10.1.1.1
ogpatnEventIndex: 1.3.6.1.4.1.25049.10.12.10.1.1.1.1
ogpatnEventOccurred: 1.3.6.1.4.1.25049.10.12.2.0.200
ogpatnEventPortLabel: 1.3.6.1.4.1.25049.10.12.10.1.1.1.13
ogpatnEventPortNumber: 1.3.6.1.4.1.25049.10.12.10.1.1.1.12
ogpatnEventTable: 1.3.6.1.4.1.25049.10.12.10.1.1
ogpatnEventText: 1.3.6.1.4.1.25049.10.12.10.1.1.1.11
ogpatnMibNotifications: 1.3.6.1.4.1.25049.10.12.2.0
ogpatnNotificationsGroup: 1.3.6.1.4.1.25049.10.12.3.2.2
