ogSignalMib: 1.3.6.1.4.1.25049.10.11
ogSignalMibCompliance: 1.3.6.1.4.1.25049.10.11.3.1.1
ogSignalMibCompliances: 1.3.6.1.4.1.25049.10.11.3.1
ogSignalMibConformance: 1.3.6.1.4.1.25049.10.11.3
ogSignalMibGroup: 1.3.6.1.4.1.25049.10.11.3.2.1
ogSignalMibGroups: 1.3.6.1.4.1.25049.10.11.3.2
ogSignalMibNotificationPrefix: 1.3.6.1.4.1.25049.10.11.2
ogSignalMibObjects: 1.3.6.1.4.1.25049.10.11.10
ogsgnlEvent: 1.3.6.1.4.1.25049.10.11.10.1
ogsgnlEventEntry: 1.3.6.1.4.1.25049.10.11.10.1.1.1
ogsgnlEventIndex: 1.3.6.1.4.1.25049.10.11.10.1.1.1.1
ogsgnlEventOccurred: 1.3.6.1.4.1.25049.10.11.2.0.200
ogsgnlEventPortLabel: 1.3.6.1.4.1.25049.10.11.10.1.1.1.13
ogsgnlEventPortNumber: 1.3.6.1.4.1.25049.10.11.10.1.1.1.12
ogsgnlEventState: 1.3.6.1.4.1.25049.10.11.10.1.1.1.11
ogsgnlEventTable: 1.3.6.1.4.1.25049.10.11.10.1.1
ogsgnlEventType: 1.3.6.1.4.1.25049.10.11.10.1.1.1.10
ogsgnlMibNotifications: 1.3.6.1.4.1.25049.10.11.2.0
ogsgnlNotificationsGroup: 1.3.6.1.4.1.25049.10.11.3.2.2
