ogAgentCapability: 1.3.6.1.4.1.25049.8
ogConfig: 1.3.6.1.4.1.25049.9
ogExperimental: 1.3.6.1.4.1.25049.3
ogInternal: 1.3.6.1.4.1.25049.4
ogLegacyMgmt: 1.3.6.1.4.1.25049.2
ogMgmt: 1.3.6.1.4.1.25049.10
ogModules: 1.3.6.1.4.1.25049.11
ogProducts: 1.3.6.1.4.1.25049.1
ogReserved1: 1.3.6.1.4.1.25049.5
ogReserved2: 1.3.6.1.4.1.25049.6
opengear: 1.3.6.1.4.1.25049
otherEnterprises: 1.3.6.1.4.1.25049.7
