ogSensorMib: 1.3.6.1.4.1.25049.10.13
ogSensorMibCompliance: 1.3.6.1.4.1.25049.10.13.3.1.1
ogSensorMibCompliances: 1.3.6.1.4.1.25049.10.13.3.1
ogSensorMibConformance: 1.3.6.1.4.1.25049.10.13.3
ogSensorMibGroup: 1.3.6.1.4.1.25049.10.13.3.2.1
ogSensorMibGroups: 1.3.6.1.4.1.25049.10.13.3.2
ogSensorMibNotificationPrefix: 1.3.6.1.4.1.25049.10.13.2
ogSensorMibObjects: 1.3.6.1.4.1.25049.10.13.10
ogsensEventOccurred: 1.3.6.1.4.1.25049.10.13.2.0.200
ogsensMibNotifications: 1.3.6.1.4.1.25049.10.13.2.0
ogsensNotificationsGroup: 1.3.6.1.4.1.25049.10.13.3.2.2
ogsensStatus: 1.3.6.1.4.1.25049.10.13.10.1
ogsensStatusDevType: 1.3.6.1.4.1.25049.10.13.10.1.3.1.11
ogsensStatusEntry: 1.3.6.1.4.1.25049.10.13.10.1.3.1
ogsensStatusIndex: 1.3.6.1.4.1.25049.10.13.10.1.3.1.1
ogsensStatusName: 1.3.6.1.4.1.25049.10.13.10.1.3.1.10
ogsensStatusTable: 1.3.6.1.4.1.25049.10.13.10.1.3
ogsensStatusType: 1.3.6.1.4.1.25049.10.13.10.1.3.1.12
ogsensStatusValue: 1.3.6.1.4.1.25049.10.13.10.1.3.1.13
