memIfEntry: 1.3.6.1.4.1.30155.5.2.1
memIfLiveLocks: 1.3.6.1.4.1.30155.5.2.1.2
memIfName: 1.3.6.1.4.1.30155.5.2.1.1
memIfTable: 1.3.6.1.4.1.30155.5.2
memMIBObjects: 1.3.6.1.4.1.30155.5
memMIBVersion: 1.3.6.1.4.1.30155.5.1
