sensorDescr: 1.3.6.1.4.1.30155.2.1.2.1.2
sensorDevice: 1.3.6.1.4.1.30155.2.1.2.1.4
sensorEntry: 1.3.6.1.4.1.30155.2.1.2.1
sensorIndex: 1.3.6.1.4.1.30155.2.1.2.1.1
sensorNumber: 1.3.6.1.4.1.30155.2.1.1
sensorStatus: 1.3.6.1.4.1.30155.2.1.2.1.7
sensorTable: 1.3.6.1.4.1.30155.2.1.2
sensorType: 1.3.6.1.4.1.30155.2.1.2.1.3
sensorUnits: 1.3.6.1.4.1.30155.2.1.2.1.6
sensorValue: 1.3.6.1.4.1.30155.2.1.2.1.5
sensors: 1.3.6.1.4.1.30155.2.1
sensorsMIBObjects: 1.3.6.1.4.1.30155.2
