carpAllow: 1.3.6.1.4.1.30155.6.1.1
carpIf: 1.3.6.1.4.1.30155.6.2
carpIfAdvbase: 1.3.6.1.4.1.30155.6.2.2.1.5
carpIfAdvskew: 1.3.6.1.4.1.30155.6.2.2.1.6
carpIfDescr: 1.3.6.1.4.1.30155.6.2.2.1.2
carpIfDev: 1.3.6.1.4.1.30155.6.2.2.1.4
carpIfEntry: 1.3.6.1.4.1.30155.6.2.2.1
carpIfIndex: 1.3.6.1.4.1.30155.6.2.2.1.1
carpIfNumber: 1.3.6.1.4.1.30155.6.2.1
carpIfState: 1.3.6.1.4.1.30155.6.2.2.1.7
carpIfTable: 1.3.6.1.4.1.30155.6.2.2
carpIfVhid: 1.3.6.1.4.1.30155.6.2.2.1.3
carpIp6PktsRecv: 1.3.6.1.4.1.30155.6.3.2
carpIp6PktsSent: 1.3.6.1.4.1.30155.6.3.13
carpIpPktsRecv: 1.3.6.1.4.1.30155.6.3.1
carpIpPktsSent: 1.3.6.1.4.1.30155.6.3.12
carpLog: 1.3.6.1.4.1.30155.6.1.3
carpMIBObjects: 1.3.6.1.4.1.30155.6
carpNoMemory: 1.3.6.1.4.1.30155.6.3.14
carpPktDiscardsForBadAddressList: 1.3.6.1.4.1.30155.6.3.11
carpPktDiscardsForBadAuth: 1.3.6.1.4.1.30155.6.3.9
carpPktDiscardsForBadChecksum: 1.3.6.1.4.1.30155.6.3.6
carpPktDiscardsForBadInterface: 1.3.6.1.4.1.30155.6.3.3
carpPktDiscardsForBadVersion: 1.3.6.1.4.1.30155.6.3.7
carpPktDiscardsForBadVhid: 1.3.6.1.4.1.30155.6.3.10
carpPktDiscardsForTooShort: 1.3.6.1.4.1.30155.6.3.8
carpPktDiscardsForWrongTtl: 1.3.6.1.4.1.30155.6.3.4
carpPktShorterThanHeader: 1.3.6.1.4.1.30155.6.3.5
carpPreempt: 1.3.6.1.4.1.30155.6.1.2
carpStats: 1.3.6.1.4.1.30155.6.3
carpSysctl: 1.3.6.1.4.1.30155.6.1
carpTransitionsToMaster: 1.3.6.1.4.1.30155.6.3.15
