channelDescr: 1.3.6.1.4.1.15397.2.8.3.2
channelIndex: 1.3.6.1.4.1.15397.2.8.3.1
channelPort: 1.3.6.1.4.1.15397.2.8.3.3
newState: 1.3.6.1.4.1.15397.2.8.3.5
pl2ChannelStateChanged: 1.3.6.1.4.1.15397.2.8.2.1
pl2ChannelTrapVals: 1.3.6.1.4.1.15397.2.8.3
pl2ChannelTraps: 1.3.6.1.4.1.15397.2.8.2
pl2Trap: 1.3.6.1.4.1.15397.2.8
pl2TrapGeneric: 1.3.6.1.4.1.15397.2.8.0.2
pl2TrapGenericMsg: 1.3.6.1.4.1.15397.2.8.0.1
pl2TrapMessage: 1.3.6.1.4.1.15397.2.8.1.1
pl2TrapOid: 1.3.6.1.4.1.15397.2.8.1.2
pl2TrapSystemStatsAlert: 1.3.6.1.4.1.15397.2.8.0.3
pl2TrapSystemStatsAlert64: 1.3.6.1.4.1.15397.2.8.0.4
pl2TrapSystemStatsAlertClear: 1.3.6.1.4.1.15397.2.8.0.5
pl2TrapThreshold: 1.3.6.1.4.1.15397.2.8.1.4
pl2TrapThreshold64: 1.3.6.1.4.1.15397.2.8.1.6
pl2TrapVals: 1.3.6.1.4.1.15397.2.8.1
pl2TrapValue: 1.3.6.1.4.1.15397.2.8.1.3
pl2TrapValue64: 1.3.6.1.4.1.15397.2.8.1.5
pl2Traps: 1.3.6.1.4.1.15397.2.8.0
prevState: 1.3.6.1.4.1.15397.2.8.3.4
