adpNumber: 1.3.6.1.4.1.15397.2.30.1.1.1
disk: 1.3.6.1.4.1.15397.2.30.1.4
diskEntry: 1.3.6.1.4.1.15397.2.30.1.4.1
diskEntryIndex: 1.3.6.1.4.1.15397.2.30.1.4.1.999
diskId: 1.3.6.1.4.1.15397.2.30.1.4.1.1
diskNumber: 1.3.6.1.4.1.15397.2.30.1.1.3
diskState: 1.3.6.1.4.1.15397.2.30.1.4.1.2
ld: 1.3.6.1.4.1.15397.2.30.1.3
ldEntry: 1.3.6.1.4.1.15397.2.30.1.3.1
ldEntryIndex: 1.3.6.1.4.1.15397.2.30.1.3.1.999
ldId: 1.3.6.1.4.1.15397.2.30.1.3.1.1
ldNumber: 1.3.6.1.4.1.15397.2.30.1.1.2
ldState: 1.3.6.1.4.1.15397.2.30.1.3.1.2
raid: 1.3.6.1.4.1.15397.2.30.1
raidCfg: 1.3.6.1.4.1.15397.2.30.1.1
