panEntityChassisGroup: 1.3.6.1.4.1.25461.1.1.7.1.1
panEntityFRUModuleEntry: 1.3.6.1.4.1.25461.1.1.7.1.2.1.1
panEntityFRUModuleGroup: 1.3.6.1.4.1.25461.1.1.7.1.2
panEntityFRUModuleTable: 1.3.6.1.4.1.25461.1.1.7.1.2.1
panEntityFanTrayEntry: 1.3.6.1.4.1.25461.1.1.7.1.3.1.1
panEntityFanTrayGroup: 1.3.6.1.4.1.25461.1.1.7.1.3
panEntityFanTrayTable: 1.3.6.1.4.1.25461.1.1.7.1.3.1
panEntityMIBChassisGroup: 1.3.6.1.4.1.25461.1.1.7.2.2.1
panEntityMIBCompliance: 1.3.6.1.4.1.25461.1.1.7.2.1.1
panEntityMIBCompliances: 1.3.6.1.4.1.25461.1.1.7.2.1
panEntityMIBConformance: 1.3.6.1.4.1.25461.1.1.7.2
panEntityMIBFRUModuleGroup: 1.3.6.1.4.1.25461.1.1.7.2.2.2
panEntityMIBFanTrayGroup: 1.3.6.1.4.1.25461.1.1.7.2.2.3
panEntityMIBGroups: 1.3.6.1.4.1.25461.1.1.7.2.2
panEntityMIBModule: 1.3.6.1.4.1.25461.1.1.7
panEntityMIBObjects: 1.3.6.1.4.1.25461.1.1.7.1
panEntityMIBPowerSupplyGroup: 1.3.6.1.4.1.25461.1.1.7.2.2.4
panEntityPowerSupplyEntry: 1.3.6.1.4.1.25461.1.1.7.1.4.1.1
panEntityPowerSupplyGroup: 1.3.6.1.4.1.25461.1.1.7.1.4
panEntityPowerSupplyTable: 1.3.6.1.4.1.25461.1.1.7.1.4.1
panEntityTotalPowerAvail: 1.3.6.1.4.1.25461.1.1.7.1.1.1
panEntityTotalPowerUsed: 1.3.6.1.4.1.25461.1.1.7.1.1.2
panEntryFRUModuleNumPorts: 1.3.6.1.4.1.25461.1.1.7.1.2.1.1.2
panEntryFRUModulePowerUsed: 1.3.6.1.4.1.25461.1.1.7.1.2.1.1.1
panEntryFanTrayPowerUsed: 1.3.6.1.4.1.25461.1.1.7.1.3.1.1.1
panEntryPowerSupplyPowerCapacity: 1.3.6.1.4.1.25461.1.1.7.1.4.1.1.1
