panChassis: 1.3.6.1.4.1.25461.2.1.2.2
panChassisType: 1.3.6.1.4.1.25461.2.1.2.2.1
panCommonConfMib: 1.3.6.1.4.1.25461.2.1.1
panCommonEventDescr: 1.3.6.1.4.1.25461.2.1.3.1.1
panCommonEventEvents: 1.3.6.1.4.1.25461.2.1.3.2
panCommonEventEventsV2: 1.3.6.1.4.1.25461.2.1.3.2.0
panCommonEventLog: 1.3.6.1.4.1.25461.2.1.3.2.0.1
panCommonEventObjs: 1.3.6.1.4.1.25461.2.1.3.1
panCommonEvents: 1.3.6.1.4.1.25461.2.1.3
panCommonMibModule: 1.3.6.1.4.1.25461.1.1.3
panCommonObjs: 1.3.6.1.4.1.25461.2.1.2
panSession: 1.3.6.1.4.1.25461.2.1.2.3
panSessionActive: 1.3.6.1.4.1.25461.2.1.2.3.3
panSessionActiveICMP: 1.3.6.1.4.1.25461.2.1.2.3.6
panSessionActiveTcp: 1.3.6.1.4.1.25461.2.1.2.3.4
panSessionActiveUdp: 1.3.6.1.4.1.25461.2.1.2.3.5
panSessionMax: 1.3.6.1.4.1.25461.2.1.2.3.2
panSessionUtilization: 1.3.6.1.4.1.25461.2.1.2.3.1
panSys: 1.3.6.1.4.1.25461.2.1.2.1
panSysAppVersion: 1.3.6.1.4.1.25461.2.1.2.1.7
panSysAvVersion: 1.3.6.1.4.1.25461.2.1.2.1.8
panSysDaylightSaving: 1.3.6.1.4.1.25461.2.1.2.1.5
panSysGlobalProtectClientVersion: 1.3.6.1.4.1.25461.2.1.2.1.15
panSysHAMode: 1.3.6.1.4.1.25461.2.1.2.1.13
panSysHAPeerState: 1.3.6.1.4.1.25461.2.1.2.1.12
panSysHAState: 1.3.6.1.4.1.25461.2.1.2.1.11
panSysHwVersion: 1.3.6.1.4.1.25461.2.1.2.1.2
panSysOpswatDatafileVersion: 1.3.6.1.4.1.25461.2.1.2.1.16
panSysSerialNumber: 1.3.6.1.4.1.25461.2.1.2.1.3
panSysSwVersion: 1.3.6.1.4.1.25461.2.1.2.1.1
panSysThreatVersion: 1.3.6.1.4.1.25461.2.1.2.1.9
panSysTimeZoneOffset: 1.3.6.1.4.1.25461.2.1.2.1.4
panSysUrlFilteringDatabase: 1.3.6.1.4.1.25461.2.1.2.1.14
panSysUrlFilteringVersion: 1.3.6.1.4.1.25461.2.1.2.1.10
panSysVpnClientVersion: 1.3.6.1.4.1.25461.2.1.2.1.6
