panCommonMib: 1.3.6.1.4.1.25461.2.1
panGlobalRegModule: 1.3.6.1.4.1.25461.1.1.1
panMibs: 1.3.6.1.4.1.25461.2
panModules: 1.3.6.1.4.1.25461.1.1
panProductsMibs: 1.3.6.1.4.1.25461.2.3
panReg: 1.3.6.1.4.1.25461.1
panRoot: 1.3.6.1.4.1.25461
panSpecificMib: 1.3.6.1.4.1.25461.2.2
