products: 1.3.6.1.4.1.17163.1
rbt: 1.3.6.1.4.1.17163
