redline: 1.3.6.1.4.1.10728
redlineAdmin: 1.3.6.1.4.1.10728.4
redlineAgentCapability: 1.3.6.1.4.1.10728.8
redlineExperiment: 1.3.6.1.4.1.10728.3
redlineMgmt: 1.3.6.1.4.1.10728.2
redlineModules: 1.3.6.1.4.1.10728.5
redlineOtherEnterpises: 1.3.6.1.4.1.10728.7
redlinePartners: 1.3.6.1.4.1.10728.6
redlineProducts: 1.3.6.1.4.1.10728.1
redlineSystem: 1.3.6.1.4.1.10728.2.1
redlineTransmission: 1.3.6.1.4.1.10728.2.10
