ruckusCommon: 1.3.6.1.4.1.25053.1.1
ruckusCommonAdapterModule: 1.3.6.1.4.1.25053.1.1.9
ruckusCommonDeviceModule: 1.3.6.1.4.1.25053.1.1.4
ruckusCommonEthModule: 1.3.6.1.4.1.25053.1.1.13
ruckusCommonHwInfoModule: 1.3.6.1.4.1.25053.1.1.2
ruckusCommonL2TPModule: 1.3.6.1.4.1.25053.1.1.14
ruckusCommonPPPOEModule: 1.3.6.1.4.1.25053.1.1.8
ruckusCommonRadioModule: 1.3.6.1.4.1.25053.1.1.12
ruckusCommonSwInfoModule: 1.3.6.1.4.1.25053.1.1.3
ruckusCommonSystemModule: 1.3.6.1.4.1.25053.1.1.11
ruckusCommonTCModule: 1.3.6.1.4.1.25053.1.1.1
ruckusCommonUpgradeModule: 1.3.6.1.4.1.25053.1.1.5
ruckusCommonWLANModule: 1.3.6.1.4.1.25053.1.1.6
ruckusCommonWLINKModule: 1.3.6.1.4.1.25053.1.1.15
ruckusCompliances: 1.3.6.1.4.1.25053.4.2
ruckusConfGroups: 1.3.6.1.4.1.25053.4.1
ruckusConformance: 1.3.6.1.4.1.25053.4
ruckusEvents: 1.3.6.1.4.1.25053.2
ruckusObjects: 1.3.6.1.4.1.25053.1
ruckusProducts: 1.3.6.1.4.1.25053.3
ruckusRootMIB: 1.3.6.1.4.1.25053
ruckusZD: 1.3.6.1.4.1.25053.1.2
ruckusZDSystemModule: 1.3.6.1.4.1.25053.1.2.1
ruckusZDWLANModule: 1.3.6.1.4.1.25053.1.2.2
