ruckusZDAPConfig: 1.3.6.1.4.1.25053.1.2.2.4.1.1
ruckusZDAPConfigAPModel: 1.3.6.1.4.1.25053.1.2.2.4.1.1.1.1.4
ruckusZDAPConfigApproveMode: 1.3.6.1.4.1.25053.1.2.2.4.1.1.1.1.52
ruckusZDAPConfigDescription: 1.3.6.1.4.1.25053.1.2.2.4.1.1.1.1.6
ruckusZDAPConfigDeviceName: 1.3.6.1.4.1.25053.1.2.2.4.1.1.1.1.5
ruckusZDAPConfigEntry: 1.3.6.1.4.1.25053.1.2.2.4.1.1.1.1
ruckusZDAPConfigGatewayIpAddress: 1.3.6.1.4.1.25053.1.2.2.4.1.1.1.1.20
ruckusZDAPConfigGatewayIpV6Address: 1.3.6.1.4.1.25053.1.2.2.4.1.1.1.1.24
ruckusZDAPConfigGpsLatitude: 1.3.6.1.4.1.25053.1.2.2.4.1.1.1.1.10
ruckusZDAPConfigGpsLongitude: 1.3.6.1.4.1.25053.1.2.2.4.1.1.1.1.11
ruckusZDAPConfigID: 1.3.6.1.4.1.25053.1.2.2.4.1.1.1.1.1
ruckusZDAPConfigIPVersion: 1.3.6.1.4.1.25053.1.2.2.4.1.1.1.1.14
ruckusZDAPConfigIpAddress: 1.3.6.1.4.1.25053.1.2.2.4.1.1.1.1.16
ruckusZDAPConfigIpAddressMask: 1.3.6.1.4.1.25053.1.2.2.4.1.1.1.1.17
ruckusZDAPConfigIpAddressSettingMode: 1.3.6.1.4.1.25053.1.2.2.4.1.1.1.1.15
ruckusZDAPConfigIpV6Address: 1.3.6.1.4.1.25053.1.2.2.4.1.1.1.1.22
ruckusZDAPConfigIpV6AddressSettingMode: 1.3.6.1.4.1.25053.1.2.2.4.1.1.1.1.21
ruckusZDAPConfigIpV6PrefixLen: 1.3.6.1.4.1.25053.1.2.2.4.1.1.1.1.23
ruckusZDAPConfigLocation: 1.3.6.1.4.1.25053.1.2.2.4.1.1.1.1.7
ruckusZDAPConfigMacAddress: 1.3.6.1.4.1.25053.1.2.2.4.1.1.1.1.2
ruckusZDAPConfigManagementAdmin: 1.3.6.1.4.1.25053.1.2.2.4.1.1.1.1.60
ruckusZDAPConfigMeshConfigurationMode: 1.3.6.1.4.1.25053.1.2.2.4.1.1.1.1.50
ruckusZDAPConfigPrimaryDnsIpAddress: 1.3.6.1.4.1.25053.1.2.2.4.1.1.1.1.25
ruckusZDAPConfigPrimaryDnsIpV6Address: 1.3.6.1.4.1.25053.1.2.2.4.1.1.1.1.27
ruckusZDAPConfigRadioChannel24: 1.3.6.1.4.1.25053.1.2.2.4.1.1.1.1.31
ruckusZDAPConfigRadioChannel5: 1.3.6.1.4.1.25053.1.2.2.4.1.1.1.1.40
ruckusZDAPConfigRadioEnableWlanService24: 1.3.6.1.4.1.25053.1.2.2.4.1.1.1.1.34
ruckusZDAPConfigRadioEnableWlanService5: 1.3.6.1.4.1.25053.1.2.2.4.1.1.1.1.43
ruckusZDAPConfigRadioTxPowerLevel24: 1.3.6.1.4.1.25053.1.2.2.4.1.1.1.1.32
ruckusZDAPConfigRadioTxPowerLevel5: 1.3.6.1.4.1.25053.1.2.2.4.1.1.1.1.41
ruckusZDAPConfigRadioType: 1.3.6.1.4.1.25053.1.2.2.4.1.1.1.1.30
ruckusZDAPConfigRadioWlanGroup24: 1.3.6.1.4.1.25053.1.2.2.4.1.1.1.1.33
ruckusZDAPConfigRadioWlanGroup5: 1.3.6.1.4.1.25053.1.2.2.4.1.1.1.1.42
ruckusZDAPConfigRebootNow: 1.3.6.1.4.1.25053.1.2.2.4.1.1.1.1.64
ruckusZDAPConfigSecondaryDnsIpAddress: 1.3.6.1.4.1.25053.1.2.2.4.1.1.1.1.26
ruckusZDAPConfigSecondaryDnsV6IpAddress: 1.3.6.1.4.1.25053.1.2.2.4.1.1.1.1.28
ruckusZDAPConfigTable: 1.3.6.1.4.1.25053.1.2.2.4.1.1.1
ruckusZDAPConfigUplinkSelectionMode: 1.3.6.1.4.1.25053.1.2.2.4.1.1.1.1.51
ruckusZDAPLBSAPGroupID: 1.3.6.1.4.1.25053.1.2.2.4.1.2.1.1.1
ruckusZDAPLBSInfo: 1.3.6.1.4.1.25053.1.2.2.4.1.2
ruckusZDAPLBSVenue24GMode: 1.3.6.1.4.1.25053.1.2.2.4.1.2.1.1.5
ruckusZDAPLBSVenue5GMode: 1.3.6.1.4.1.25053.1.2.2.4.1.2.1.1.6
ruckusZDAPLBSVenueAPGrpName: 1.3.6.1.4.1.25053.1.2.2.4.1.2.1.1.3
ruckusZDAPLBSVenueEntry: 1.3.6.1.4.1.25053.1.2.2.4.1.2.1.1
ruckusZDAPLBSVenueLSConnection: 1.3.6.1.4.1.25053.1.2.2.4.1.2.1.1.4
ruckusZDAPLBSVenueName: 1.3.6.1.4.1.25053.1.2.2.4.1.2.1.1.2
ruckusZDAPLBSVenueTable: 1.3.6.1.4.1.25053.1.2.2.4.1.2.1
ruckusZDAPMIB: 1.3.6.1.4.1.25053.1.2.2.4
ruckusZDAPObjects: 1.3.6.1.4.1.25053.1.2.2.4.1
