ruckusTCCompls: 1.3.6.1.4.1.25053.1.1.1.1.3.2
ruckusTCConf: 1.3.6.1.4.1.25053.1.1.1.1.3
ruckusTCEvents: 1.3.6.1.4.1.25053.1.1.1.1.2
ruckusTCGroups: 1.3.6.1.4.1.25053.1.1.1.1.3.1
ruckusTCMIB: 1.3.6.1.4.1.25053.1.1.1.1
ruckusTCObjects: 1.3.6.1.4.1.25053.1.1.1.1.1
