ruckusZDAAAConfig: 1.3.6.1.4.1.25053.1.2.2.3.1.1
ruckusZDAAAConfigEntry: 1.3.6.1.4.1.25053.1.2.2.3.1.1.1.1
ruckusZDAAAConfigID: 1.3.6.1.4.1.25053.1.2.2.3.1.1.1.1.1
ruckusZDAAAConfigName: 1.3.6.1.4.1.25053.1.2.2.3.1.1.1.1.2
ruckusZDAAAConfigRowStatus: 1.3.6.1.4.1.25053.1.2.2.3.1.1.1.1.10
ruckusZDAAAConfigServiceType: 1.3.6.1.4.1.25053.1.2.2.3.1.1.1.1.3
ruckusZDAAAConfigTable: 1.3.6.1.4.1.25053.1.2.2.3.1.1.1
ruckusZDAAAMIB: 1.3.6.1.4.1.25053.1.2.2.3
ruckusZDAAAObjects: 1.3.6.1.4.1.25053.1.2.2.3.1
ruckusZDAAARadiusBackupControl: 1.3.6.1.4.1.25053.1.2.2.3.1.1.2.1.5
ruckusZDAAARadiusFailoverConsecutiveDropPkts: 1.3.6.1.4.1.25053.1.2.2.3.1.1.2.1.23
ruckusZDAAARadiusFailoverReconnectPrimary: 1.3.6.1.4.1.25053.1.2.2.3.1.1.2.1.22
ruckusZDAAARadiusFailoverRetry: 1.3.6.1.4.1.25053.1.2.2.3.1.1.2.1.21
ruckusZDAAARadiusFailoverTimeout: 1.3.6.1.4.1.25053.1.2.2.3.1.1.2.1.20
ruckusZDAAARadiusPrimarySvrIpAddress: 1.3.6.1.4.1.25053.1.2.2.3.1.1.2.1.10
ruckusZDAAARadiusPrimarySvrPasswd: 1.3.6.1.4.1.25053.1.2.2.3.1.1.2.1.12
ruckusZDAAARadiusPrimarySvrPort: 1.3.6.1.4.1.25053.1.2.2.3.1.1.2.1.11
ruckusZDAAARadiusSecondarySvrIpAddress: 1.3.6.1.4.1.25053.1.2.2.3.1.1.2.1.15
ruckusZDAAARadiusSecondarySvrPasswd: 1.3.6.1.4.1.25053.1.2.2.3.1.1.2.1.17
ruckusZDAAARadiusSecondarySvrPort: 1.3.6.1.4.1.25053.1.2.2.3.1.1.2.1.16
ruckusZDAAASvrEntry: 1.3.6.1.4.1.25053.1.2.2.3.1.1.2.1
ruckusZDAAASvrTable: 1.3.6.1.4.1.25053.1.2.2.3.1.1.2
