ruggedcom: 1.3.6.1.4.1.15004
ruggedcomAgentCapabilities: 1.3.6.1.4.1.15004.6
ruggedcomAgentCapability: 1.3.6.1.4.1.15004.6.30
ruggedcomAirModule: 1.3.6.1.4.1.15004.2.10
ruggedcomExperiment: 1.3.6.1.4.1.15004.1
ruggedcomMC: 1.3.6.1.4.1.15004.2.11
ruggedcomMX5000: 1.3.6.1.4.1.15004.2.5.2
ruggedcomMgmt: 1.3.6.1.4.1.15004.4
ruggedcomOtherEnterprises: 1.3.6.1.4.1.15004.3
ruggedcomProducts: 1.3.6.1.4.1.15004.2
ruggedcomRX1000: 1.3.6.1.4.1.15004.2.4.1
ruggedcomRX1000rox2X: 1.3.6.1.4.1.15004.2.9.1
ruggedcomRX1100: 1.3.6.1.4.1.15004.2.4.2
ruggedcomRX1100rox2X: 1.3.6.1.4.1.15004.2.9.2
ruggedcomRX1500: 1.3.6.1.4.1.15004.2.8.1
ruggedcomRX1501: 1.3.6.1.4.1.15004.2.8.2
ruggedcomRX1510: 1.3.6.1.4.1.15004.2.8.11
ruggedcomRX1511: 1.3.6.1.4.1.15004.2.8.12
ruggedcomRX1512: 1.3.6.1.4.1.15004.2.8.13
ruggedcomRX15XX: 1.3.6.1.4.1.15004.2.8
ruggedcomRX1XXX: 1.3.6.1.4.1.15004.2.4
ruggedcomRX1XXXrox2X: 1.3.6.1.4.1.15004.2.9
ruggedcomRX5000: 1.3.6.1.4.1.15004.2.5.1
ruggedcomRX5XXX: 1.3.6.1.4.1.15004.2.5
ruggedcomTraps: 1.3.6.1.4.1.15004.5
ruggedmaxProducts: 1.3.6.1.4.1.15004.2.6
