bigBufsFree: 1.3.6.1.4.1.16378.10000.3.9
bigBufsMin: 1.3.6.1.4.1.16378.10000.3.10
bufsFree: 1.3.6.1.4.1.16378.10000.3.7
bufsMin: 1.3.6.1.4.1.16378.10000.3.8
cdmaDRC: 1.3.6.1.4.1.16378.10000.2.10
cdmaESN: 1.3.6.1.4.1.16378.10000.2.11
cdmaEcio: 1.3.6.1.4.1.16378.10000.2.8
cdmaMDN: 1.3.6.1.4.1.16378.10000.2.13
cdmaMEID: 1.3.6.1.4.1.16378.10000.2.12
cdmaMIN: 1.3.6.1.4.1.16378.10000.2.14
cdmaPilotPN: 1.3.6.1.4.1.16378.10000.2.9
changesSincePowerUp: 1.3.6.1.4.1.16378.10000.4.1
cpuAvg: 1.3.6.1.4.1.16378.10000.3.4
cpuMax: 1.3.6.1.4.1.16378.10000.3.3
cpuMin: 1.3.6.1.4.1.16378.10000.3.2
cpuUtil: 1.3.6.1.4.1.16378.10000.3.1
gprsAreaID: 1.3.6.1.4.1.16378.10000.2.5
gprsAttached: 1.3.6.1.4.1.16378.10000.2.3
gprsCellID: 1.3.6.1.4.1.16378.10000.2.6
gprsNetworkTechnology: 1.3.6.1.4.1.16378.10000.2.7
gprsPPPIP: 1.3.6.1.4.1.16378.10000.2.4
gprsRegistered: 1.3.6.1.4.1.16378.10000.2.2
gprsSignalStrength: 1.3.6.1.4.1.16378.10000.2.1
ifIndex: 1.3.6.1.4.1.16378.10000.1.2.1.1
lastSavedConfigNumber: 1.3.6.1.4.1.16378.10000.4.5
lastSavedConfigTime: 1.3.6.1.4.1.16378.10000.4.4
lastSavedConfigUser: 1.3.6.1.4.1.16378.10000.4.3
lastSavedPwdConfigNumber: 1.3.6.1.4.1.16378.10000.4.10
lastSavedPwdConfigTime: 1.3.6.1.4.1.16378.10000.4.9
lastSavedPwdConfigUser: 1.3.6.1.4.1.16378.10000.4.8
msgsFree: 1.3.6.1.4.1.16378.10000.3.5
msgsMin: 1.3.6.1.4.1.16378.10000.3.6
numPPPInterfaces: 1.3.6.1.4.1.16378.10000.1.1
pppDLDayReset: 1.3.6.1.4.1.16378.10000.1.2.1.5
pppDLStop: 1.3.6.1.4.1.16378.10000.1.2.1.4
pppDLTotalData: 1.3.6.1.4.1.16378.10000.1.2.1.2
pppDLWarn: 1.3.6.1.4.1.16378.10000.1.2.1.3
pwdChangesSincePowerUp: 1.3.6.1.4.1.16378.10000.4.6
sarian: 1.3.6.1.4.1.16378
sarianPPPEntry: 1.3.6.1.4.1.16378.10000.1.2.1
sarianPPPTable: 1.3.6.1.4.1.16378.10000.1.2
sarian_config: 1.3.6.1.4.1.16378.10000.4
sarian_gprs: 1.3.6.1.4.1.16378.10000.2
sarian_monitor: 1.3.6.1.4.1.16378.10000
sarian_ppp: 1.3.6.1.4.1.16378.10000.1
sarian_system: 1.3.6.1.4.1.16378.10000.3
temperature: 1.3.6.1.4.1.16378.10000.3.11
unsavedChanges: 1.3.6.1.4.1.16378.10000.4.2
unsavedPwdChanges: 1.3.6.1.4.1.16378.10000.4.7
