sFlow: 1.3.6.1.4.1.14706
sFlowAgent: 1.3.6.1.4.1.14706.1.1
sFlowAgentAddress: 1.3.6.1.4.1.14706.1.1.3
sFlowAgentAddressType: 1.3.6.1.4.1.14706.1.1.2
sFlowAgentGroup: 1.3.6.1.4.1.14706.1.2.1.1
sFlowCompliance: 1.3.6.1.4.1.14706.1.2.2.1
sFlowCpDataSource: 1.3.6.1.4.1.14706.1.1.6.1.1
sFlowCpEntry: 1.3.6.1.4.1.14706.1.1.6.1
sFlowCpInstance: 1.3.6.1.4.1.14706.1.1.6.1.2
sFlowCpInterval: 1.3.6.1.4.1.14706.1.1.6.1.4
sFlowCpReceiver: 1.3.6.1.4.1.14706.1.1.6.1.3
sFlowCpTable: 1.3.6.1.4.1.14706.1.1.6
sFlowFsDataSource: 1.3.6.1.4.1.14706.1.1.5.1.1
sFlowFsEntry: 1.3.6.1.4.1.14706.1.1.5.1
sFlowFsInstance: 1.3.6.1.4.1.14706.1.1.5.1.2
sFlowFsMaximumHeaderSize: 1.3.6.1.4.1.14706.1.1.5.1.5
sFlowFsPacketSamplingRate: 1.3.6.1.4.1.14706.1.1.5.1.4
sFlowFsReceiver: 1.3.6.1.4.1.14706.1.1.5.1.3
sFlowFsTable: 1.3.6.1.4.1.14706.1.1.5
sFlowMIB: 1.3.6.1.4.1.14706.1
sFlowMIBCompliances: 1.3.6.1.4.1.14706.1.2.2
sFlowMIBConformance: 1.3.6.1.4.1.14706.1.2
sFlowMIBGroups: 1.3.6.1.4.1.14706.1.2.1
sFlowRcvrAddress: 1.3.6.1.4.1.14706.1.1.4.1.6
sFlowRcvrAddressType: 1.3.6.1.4.1.14706.1.1.4.1.5
sFlowRcvrDatagramVersion: 1.3.6.1.4.1.14706.1.1.4.1.8
sFlowRcvrEntry: 1.3.6.1.4.1.14706.1.1.4.1
sFlowRcvrIndex: 1.3.6.1.4.1.14706.1.1.4.1.1
sFlowRcvrMaximumDatagramSize: 1.3.6.1.4.1.14706.1.1.4.1.4
sFlowRcvrOwner: 1.3.6.1.4.1.14706.1.1.4.1.2
sFlowRcvrPort: 1.3.6.1.4.1.14706.1.1.4.1.7
sFlowRcvrTable: 1.3.6.1.4.1.14706.1.1.4
sFlowRcvrTimeout: 1.3.6.1.4.1.14706.1.1.4.1.3
sFlowVersion: 1.3.6.1.4.1.14706.1.1.1
