silverpeakProductsMIB: 1.3.6.1.4.1.23867.1.2
spsNX10700: 1.3.6.1.4.1.23867.1.2.28
spsNX1700: 1.3.6.1.4.1.23867.1.2.6
spsNX2500: 1.3.6.1.4.1.23867.1.2.1
spsNX2600: 1.3.6.1.4.1.23867.1.2.7
spsNX2610: 1.3.6.1.4.1.23867.1.2.8
spsNX2700: 1.3.6.1.4.1.23867.1.2.9
spsNX3500: 1.3.6.1.4.1.23867.1.2.2
spsNX3600: 1.3.6.1.4.1.23867.1.2.10
spsNX3700: 1.3.6.1.4.1.23867.1.2.11
spsNX5500: 1.3.6.1.4.1.23867.1.2.3
spsNX5504: 1.3.6.1.4.1.23867.1.2.12
spsNX5600: 1.3.6.1.4.1.23867.1.2.13
spsNX5700: 1.3.6.1.4.1.23867.1.2.14
spsNX7500: 1.3.6.1.4.1.23867.1.2.4
spsNX7504: 1.3.6.1.4.1.23867.1.2.15
spsNX7600: 1.3.6.1.4.1.23867.1.2.16
spsNX7700: 1.3.6.1.4.1.23867.1.2.17
spsNX8500: 1.3.6.1.4.1.23867.1.2.5
spsNX8504: 1.3.6.1.4.1.23867.1.2.18
spsNX8600: 1.3.6.1.4.1.23867.1.2.19
spsNX8700: 1.3.6.1.4.1.23867.1.2.20
spsNX9610: 1.3.6.1.4.1.23867.1.2.21
spsNX9700: 1.3.6.1.4.1.23867.1.2.22
spsVRX8: 1.3.6.1.4.1.23867.1.2.29
spsVX0100: 1.3.6.1.4.1.23867.1.2.23
spsVX1000: 1.3.6.1.4.1.23867.1.2.26
spsVX2000: 1.3.6.1.4.1.23867.1.2.24
spsVX3000: 1.3.6.1.4.1.23867.1.2.27
spsVX5000: 1.3.6.1.4.1.23867.1.2.25
spsVXXpress: 1.3.6.1.4.1.23867.1.2.30
