silverpeakAgentCapability: 1.3.6.1.4.1.23867.5
silverpeakMgmt: 1.3.6.1.4.1.23867.3
silverpeakModules: 1.3.6.1.4.1.23867.2
silverpeakNW: 1.3.6.1.4.1.23867
silverpeakNotifications: 1.3.6.1.4.1.23867.4
silverpeakProducts: 1.3.6.1.4.1.23867.1
