activeAlarmEntry: 1.3.6.1.4.1.23867.3.1.1.2.1.1
silverpeakMgmtCompliance: 1.3.6.1.4.1.23867.3.1.2.1.1
silverpeakMgmtGroup: 1.3.6.1.4.1.23867.3.1.2.2.1
silverpeakMgmtMIB: 1.3.6.1.4.1.23867.3.1
silverpeakMgmtMIBCompliances: 1.3.6.1.4.1.23867.3.1.2.1
silverpeakMgmtMIBConformance: 1.3.6.1.4.1.23867.3.1.2
silverpeakMgmtMIBGroups: 1.3.6.1.4.1.23867.3.1.2.2
silverpeakMgmtMIBNotifications: 1.3.6.1.4.1.23867.4.1
silverpeakMgmtMIBObjects: 1.3.6.1.4.1.23867.3.1.1
silverpeakMgmtMIBScalars: 1.3.6.1.4.1.23867.3.1.1.1
silverpeakMgmtMIBTables: 1.3.6.1.4.1.23867.3.1.1.2
silverpeakMgmtNotifyGroup: 1.3.6.1.4.1.23867.3.1.2.2.3
spsActiveAlarmAcked: 1.3.6.1.4.1.23867.3.1.1.2.1.1.8
spsActiveAlarmActive: 1.3.6.1.4.1.23867.3.1.1.2.1.1.9
spsActiveAlarmClearable: 1.3.6.1.4.1.23867.3.1.1.2.1.1.10
spsActiveAlarmCount: 1.3.6.1.4.1.23867.3.1.1.1.4
spsActiveAlarmDescr: 1.3.6.1.4.1.23867.3.1.1.2.1.1.5
spsActiveAlarmIndex: 1.3.6.1.4.1.23867.3.1.1.2.1.1.1
spsActiveAlarmLogTime: 1.3.6.1.4.1.23867.3.1.1.2.1.1.11
spsActiveAlarmName: 1.3.6.1.4.1.23867.3.1.1.2.1.1.4
spsActiveAlarmSeqNum: 1.3.6.1.4.1.23867.3.1.1.2.1.1.2
spsActiveAlarmServiceAffect: 1.3.6.1.4.1.23867.3.1.1.2.1.1.12
spsActiveAlarmSeverity: 1.3.6.1.4.1.23867.3.1.1.2.1.1.3
spsActiveAlarmSource: 1.3.6.1.4.1.23867.3.1.1.2.1.1.6
spsActiveAlarmTable: 1.3.6.1.4.1.23867.3.1.1.2.1
spsActiveAlarmType: 1.3.6.1.4.1.23867.3.1.1.2.1.1.7
spsActiveAlarmTypeId: 1.3.6.1.4.1.23867.3.1.1.2.1.1.13
spsNotifyAlarm: 1.3.6.1.4.1.23867.4.1.1
spsOperStatus: 1.3.6.1.4.1.23867.3.1.1.1.3
spsProductModel: 1.3.6.1.4.1.23867.3.1.1.1.2
spsSystemUptime: 1.3.6.1.4.1.23867.3.1.1.1.5
spsSystemVersion: 1.3.6.1.4.1.23867.3.1.1.1.1
