snsADaddr: 1.3.6.1.4.1.11256.1.5.0.1.6
snsADif: 1.3.6.1.4.1.11256.1.5.0.1.3
snsADname: 1.3.6.1.4.1.11256.1.5.0.1.10
snsADport: 1.3.6.1.4.1.11256.1.5.0.1.8
snsAEntry: 1.3.6.1.4.1.11256.1.5.0.1
snsAIndex: 1.3.6.1.4.1.11256.1.5.0.1.0
snsAMessage: 1.3.6.1.4.1.11256.1.5.0.1.11
snsAProto: 1.3.6.1.4.1.11256.1.5.0.1.4
snsASaddr: 1.3.6.1.4.1.11256.1.5.0.1.5
snsASif: 1.3.6.1.4.1.11256.1.5.0.1.2
snsASname: 1.3.6.1.4.1.11256.1.5.0.1.9
snsASport: 1.3.6.1.4.1.11256.1.5.0.1.7
snsATable: 1.3.6.1.4.1.11256.1.5.0
snsATime: 1.3.6.1.4.1.11256.1.5.0.1.1
snsAicmpCode: 1.3.6.1.4.1.11256.1.5.1.1.7
snsAicmpDaddr: 1.3.6.1.4.1.11256.1.5.1.1.5
snsAicmpDif: 1.3.6.1.4.1.11256.1.5.1.1.3
snsAicmpDname: 1.3.6.1.4.1.11256.1.5.1.1.9
snsAicmpEntry: 1.3.6.1.4.1.11256.1.5.1.1
snsAicmpIndex: 1.3.6.1.4.1.11256.1.5.1.1.0
snsAicmpMessage: 1.3.6.1.4.1.11256.1.5.1.1.10
snsAicmpSaddr: 1.3.6.1.4.1.11256.1.5.1.1.4
snsAicmpSif: 1.3.6.1.4.1.11256.1.5.1.1.2
snsAicmpSname: 1.3.6.1.4.1.11256.1.5.1.1.8
snsAicmpTable: 1.3.6.1.4.1.11256.1.5.1
snsAicmpTime: 1.3.6.1.4.1.11256.1.5.1.1.1
snsAicmpType: 1.3.6.1.4.1.11256.1.5.1.1.6
snsAlarm: 1.3.6.1.4.1.11256.1.5
snsNotification: 1.3.6.1.4.1.11256.1.6.1
