snsNotifications: 1.3.6.1.4.1.11256.1.6
stormshield: 1.3.6.1.4.1.11256
stormshieldMIB: 1.3.6.1.4.1.11256.1
