builddate: 1.3.6.1.4.1.45621.2.1.3
current1: 1.3.6.1.4.1.45621.2.2.9
current2: 1.3.6.1.4.1.45621.2.2.10
current3: 1.3.6.1.4.1.45621.2.2.11
current4: 1.3.6.1.4.1.45621.2.2.12
monitor: 1.3.6.1.4.1.45621.2.2
name: 1.3.6.1.4.1.45621.2.1.1
product: 1.3.6.1.4.1.45621.2.1
relay1: 1.3.6.1.4.1.45621.2.2.1
relay2: 1.3.6.1.4.1.45621.2.2.2
relay3: 1.3.6.1.4.1.45621.2.2.3
relay4: 1.3.6.1.4.1.45621.2.2.4
temperature1: 1.3.6.1.4.1.45621.2.2.13
temperature2: 1.3.6.1.4.1.45621.2.2.14
tpdin2: 1.3.6.1.4.1.45621.2
tycon: 1.3.6.1.4.1.45621
version: 1.3.6.1.4.1.45621.2.1.2
voltage1: 1.3.6.1.4.1.45621.2.2.5
voltage2: 1.3.6.1.4.1.45621.2.2.6
voltage3: 1.3.6.1.4.1.45621.2.2.7
voltage4: 1.3.6.1.4.1.45621.2.2.8
