adsl: 1.3.6.1.4.1.11863.4
router: 1.3.6.1.4.1.11863.2
switch: 1.3.6.1.4.1.11863.1
tplink: 1.3.6.1.4.1.11863
tplinkMgmt: 1.3.6.1.4.1.11863.6
tplinkProducts: 1.3.6.1.4.1.11863.5
wireless: 1.3.6.1.4.1.11863.3
