trpzTraplogCompliance: 1.3.6.1.4.1.14525.4.13.2.1.1
trpzTraplogCompliances: 1.3.6.1.4.1.14525.4.13.2.1
trpzTraplogConformance: 1.3.6.1.4.1.14525.4.13.2
trpzTraplogGroups: 1.3.6.1.4.1.14525.4.13.2.2
trpzTraplogGuideDateGroup: 1.3.6.1.4.1.14525.4.13.2.2.2
trpzTraplogGuideGroup: 1.3.6.1.4.1.14525.4.13.2.2.1
trpzTraplogGuideObjects: 1.3.6.1.4.1.14525.4.13.1.2
trpzTraplogMib: 1.3.6.1.4.1.14525.4.13
trpzTraplogMibObjects: 1.3.6.1.4.1.14525.4.13.1
trpzTraplogNewestTrapDateAndTime: 1.3.6.1.4.1.14525.4.13.1.2.4
trpzTraplogNewestTrapIndex: 1.3.6.1.4.1.14525.4.13.1.2.2
trpzTraplogNewestTrapTime: 1.3.6.1.4.1.14525.4.13.1.2.3
trpzTraplogOldestTrapIndex: 1.3.6.1.4.1.14525.4.13.1.2.1
trpzTraplogTrapDateAndTime: 1.3.6.1.4.1.14525.4.13.1.3.1.3
trpzTraplogTrapDateGroup: 1.3.6.1.4.1.14525.4.13.2.2.4
trpzTraplogTrapEntry: 1.3.6.1.4.1.14525.4.13.1.3.1
trpzTraplogTrapGroup: 1.3.6.1.4.1.14525.4.13.2.2.3
trpzTraplogTrapIndex: 1.3.6.1.4.1.14525.4.13.1.3.1.1
trpzTraplogTrapNotificationID: 1.3.6.1.4.1.14525.4.13.1.3.1.4
trpzTraplogTrapNumVars: 1.3.6.1.4.1.14525.4.13.1.3.1.5
trpzTraplogTrapTable: 1.3.6.1.4.1.14525.4.13.1.3
trpzTraplogTrapTime: 1.3.6.1.4.1.14525.4.13.1.3.1.2
trpzTraplogVarCounter32Val: 1.3.6.1.4.1.14525.4.13.1.4.1.5
trpzTraplogVarCounter64Val: 1.3.6.1.4.1.14525.4.13.1.4.1.12
trpzTraplogVarEntry: 1.3.6.1.4.1.14525.4.13.1.4.1
trpzTraplogVarGroup: 1.3.6.1.4.1.14525.4.13.2.2.5
trpzTraplogVarID: 1.3.6.1.4.1.14525.4.13.1.4.1.3
trpzTraplogVarIndex: 1.3.6.1.4.1.14525.4.13.1.4.1.2
trpzTraplogVarInteger32Val: 1.3.6.1.4.1.14525.4.13.1.4.1.8
trpzTraplogVarIpAddressVal: 1.3.6.1.4.1.14525.4.13.1.4.1.10
trpzTraplogVarOctetStringVal: 1.3.6.1.4.1.14525.4.13.1.4.1.9
trpzTraplogVarOidVal: 1.3.6.1.4.1.14525.4.13.1.4.1.11
trpzTraplogVarTable: 1.3.6.1.4.1.14525.4.13.1.4
trpzTraplogVarTimeTicksVal: 1.3.6.1.4.1.14525.4.13.1.4.1.7
trpzTraplogVarTrapIndex: 1.3.6.1.4.1.14525.4.13.1.4.1.1
trpzTraplogVarUnsigned32Val: 1.3.6.1.4.1.14525.4.13.1.4.1.6
trpzTraplogVarValueType: 1.3.6.1.4.1.14525.4.13.1.4.1.4
