trpzExtServerPrimaryDnsIpAddress: 1.3.6.1.4.1.14525.4.7.1.1.2.1
trpzExtServerSecondaryDnsIpAddress: 1.3.6.1.4.1.14525.4.7.1.1.2.2
trpzExtServerSyslogAddress: 1.3.6.1.4.1.14525.4.7.1.1.1.1.2
trpzExtServerSyslogEnable: 1.3.6.1.4.1.14525.4.7.1.1.1.1.4
trpzExtServerSyslogEntry: 1.3.6.1.4.1.14525.4.7.1.1.1.1
trpzExtServerSyslogIndex: 1.3.6.1.4.1.14525.4.7.1.1.1.1.1
trpzExtServerSyslogPort: 1.3.6.1.4.1.14525.4.7.1.1.1.1.3
trpzExtServerSyslogTable: 1.3.6.1.4.1.14525.4.7.1.1.1
trpzExternalServerCompliance: 1.3.6.1.4.1.14525.4.7.1.2.1.1
trpzExternalServerComplianceRev2: 1.3.6.1.4.1.14525.4.7.1.2.1.2
trpzExternalServerCompliances: 1.3.6.1.4.1.14525.4.7.1.2.1
trpzExternalServerConfigGroup: 1.3.6.1.4.1.14525.4.7.1.2.2.1
trpzExternalServerConformance: 1.3.6.1.4.1.14525.4.7.1.2
trpzExternalServerDataObjects: 1.3.6.1.4.1.14525.4.7.1.1
trpzExternalServerDnsServerGroup: 1.3.6.1.4.1.14525.4.7.1.2.2.2
trpzExternalServerGlobalObjects: 1.3.6.1.4.1.14525.4.7.1.1.2
trpzExternalServerGroups: 1.3.6.1.4.1.14525.4.7.1.2.2
trpzExternalServerMib: 1.3.6.1.4.1.14525.4.7
trpzExternalServerObjects: 1.3.6.1.4.1.14525.4.7.1
