trpzMgmtAppMibs: 1.3.6.1.4.1.14525.6
trpzMibs: 1.3.6.1.4.1.14525.4
trpzProducts: 1.3.6.1.4.1.14525.1
trpzRegistration: 1.3.6.1.4.1.14525.3
trpzRootMib: 1.3.6.1.4.1.14525
trpzTemporary: 1.3.6.1.4.1.14525.2
trpzTraps: 1.3.6.1.4.1.14525.5
