trpzBasic: 1.3.6.1.4.1.14525.4.2
trpzBasicSystemInfo: 1.3.6.1.4.1.14525.4.2.1
trpzLicenseInfoEntry: 1.3.6.1.4.1.14525.4.2.3.2.1
trpzLicenseInfoEntryDescr: 1.3.6.1.4.1.14525.4.2.3.2.1.3
trpzLicenseInfoEntryFeature: 1.3.6.1.4.1.14525.4.2.3.2.1.1
trpzLicenseInfoEntryValue: 1.3.6.1.4.1.14525.4.2.3.2.1.2
trpzLicenseInfoGroup: 1.3.6.1.4.1.14525.4.2.3
trpzLicenseInfoTable: 1.3.6.1.4.1.14525.4.2.3.2
trpzLicenseInfoTableSize: 1.3.6.1.4.1.14525.4.2.3.1
trpzMobilityDomainInfo: 1.3.6.1.4.1.14525.4.2.2
trpzMobilityDomainName: 1.3.6.1.4.1.14525.4.2.2.1
trpzMobilityMemberEntry: 1.3.6.1.4.1.14525.4.2.2.4.1
trpzMobilityMemberEntryAddr: 1.3.6.1.4.1.14525.4.2.2.4.1.1
trpzMobilityMemberTable: 1.3.6.1.4.1.14525.4.2.2.4
trpzMobilityMemberTableSize: 1.3.6.1.4.1.14525.4.2.2.3
trpzMobilitySeedIp: 1.3.6.1.4.1.14525.4.2.2.2
trpzSerialNumber: 1.3.6.1.4.1.14525.4.2.1.1
trpzSwMajorVersionNumber: 1.3.6.1.4.1.14525.4.2.1.2
trpzSwMinorVersionNumber: 1.3.6.1.4.1.14525.4.2.1.3
trpzVersionString: 1.3.6.1.4.1.14525.4.2.1.4
