trpzChasCompFan1: 1.3.6.1.4.1.14525.3.4.2.1
trpzChasCompFan2: 1.3.6.1.4.1.14525.3.4.2.2
trpzChasCompFan3: 1.3.6.1.4.1.14525.3.4.2.3
trpzChasCompFans: 1.3.6.1.4.1.14525.3.4.2
trpzChasCompPowerSupplies: 1.3.6.1.4.1.14525.3.4.1
trpzChasCompPowerSupply1: 1.3.6.1.4.1.14525.3.4.1.1
trpzChasCompPowerSupply2: 1.3.6.1.4.1.14525.3.4.1.2
trpzChassisComponents: 1.3.6.1.4.1.14525.3.4
trpzRegistrationChassisMib: 1.3.6.1.4.1.14525.3.5
