trpzInfoRFDetectClientApNum: 1.3.6.1.4.1.14525.4.9.1.1.3.1.4
trpzInfoRFDetectClientApRadioIndex: 1.3.6.1.4.1.14525.4.9.1.1.3.1.5
trpzInfoRFDetectClientChannelNum: 1.3.6.1.4.1.14525.4.9.1.1.3.1.7
trpzInfoRFDetectClientClassification: 1.3.6.1.4.1.14525.4.9.1.1.3.1.10
trpzInfoRFDetectClientConnectedBssid: 1.3.6.1.4.1.14525.4.9.1.1.3.1.3
trpzInfoRFDetectClientEntry: 1.3.6.1.4.1.14525.4.9.1.1.3.1
trpzInfoRFDetectClientGroup: 1.3.6.1.4.1.14525.4.9.1.2.2.4
trpzInfoRFDetectClientListenerMacAddress: 1.3.6.1.4.1.14525.4.9.1.1.3.1.2
trpzInfoRFDetectClientMacAddress: 1.3.6.1.4.1.14525.4.9.1.1.3.1.1
trpzInfoRFDetectClientModulation: 1.3.6.1.4.1.14525.4.9.1.1.3.1.6
trpzInfoRFDetectClientRate: 1.3.6.1.4.1.14525.4.9.1.1.3.1.8
trpzInfoRFDetectClientRssi: 1.3.6.1.4.1.14525.4.9.1.1.3.1.9
trpzInfoRFDetectClientTable: 1.3.6.1.4.1.14525.4.9.1.1.3
trpzInfoRFDetectCompliance: 1.3.6.1.4.1.14525.4.9.1.2.1.1
trpzInfoRFDetectComplianceRev2: 1.3.6.1.4.1.14525.4.9.1.2.1.2
trpzInfoRFDetectCompliances: 1.3.6.1.4.1.14525.4.9.1.2.1
trpzInfoRFDetectConformance: 1.3.6.1.4.1.14525.4.9.1.2
trpzInfoRFDetectCurrentXmtrTableSize: 1.3.6.1.4.1.14525.4.9.1.1.2
trpzInfoRFDetectCurrentXmtrTableSizeGroup: 1.3.6.1.4.1.14525.4.9.1.2.2.3
trpzInfoRFDetectDataObjects: 1.3.6.1.4.1.14525.4.9.1.1
trpzInfoRFDetectGroups: 1.3.6.1.4.1.14525.4.9.1.2.2
trpzInfoRFDetectMib: 1.3.6.1.4.1.14525.4.9
trpzInfoRFDetectObjects: 1.3.6.1.4.1.14525.4.9.1
trpzInfoRFDetectXmtrChannelNum: 1.3.6.1.4.1.14525.4.9.1.1.1.1.3
trpzInfoRFDetectXmtrClassification: 1.3.6.1.4.1.14525.4.9.1.1.1.1.7
trpzInfoRFDetectXmtrClassificationGroup: 1.3.6.1.4.1.14525.4.9.1.2.2.2
trpzInfoRFDetectXmtrClassificationReason: 1.3.6.1.4.1.14525.4.9.1.1.1.1.8
trpzInfoRFDetectXmtrEntry: 1.3.6.1.4.1.14525.4.9.1.1.1.1
trpzInfoRFDetectXmtrGroup: 1.3.6.1.4.1.14525.4.9.1.2.2.1
trpzInfoRFDetectXmtrListenerMacAddress: 1.3.6.1.4.1.14525.4.9.1.1.1.1.2
trpzInfoRFDetectXmtrNetworkingMode: 1.3.6.1.4.1.14525.4.9.1.1.1.1.6
trpzInfoRFDetectXmtrRssi: 1.3.6.1.4.1.14525.4.9.1.1.1.1.4
trpzInfoRFDetectXmtrSsid: 1.3.6.1.4.1.14525.4.9.1.1.1.1.5
trpzInfoRFDetectXmtrTable: 1.3.6.1.4.1.14525.4.9.1.1.1
trpzInfoRFDetectXmtrTransmitterMacAddress: 1.3.6.1.4.1.14525.4.9.1.1.1.1.1
