mobilityExchange: 1.3.6.1.4.1.14525.3.1
mobilityExchange20: 1.3.6.1.4.1.14525.3.1.1
mobilityExchange200: 1.3.6.1.4.1.14525.3.1.7
mobilityExchange216: 1.3.6.1.4.1.14525.3.1.6
mobilityExchange2800: 1.3.6.1.4.1.14525.3.1.12
mobilityExchange400: 1.3.6.1.4.1.14525.3.1.3
mobilityExchange8: 1.3.6.1.4.1.14525.3.1.2
mobilityExchange800: 1.3.6.1.4.1.14525.3.1.13
mobilityExchangeR2: 1.3.6.1.4.1.14525.3.1.4
mobilityPoint: 1.3.6.1.4.1.14525.3.2
mobilityPoint101: 1.3.6.1.4.1.14525.3.2.1
mobilityPoint122: 1.3.6.1.4.1.14525.3.2.2
mobilityPoint241: 1.3.6.1.4.1.14525.3.2.3
mobilityPoint252: 1.3.6.1.4.1.14525.3.2.4
trpzRegistrationDevicesMib: 1.3.6.1.4.1.14525.3.6
wirelessLANController: 1.3.6.1.4.1.14525.3.3
wirelessLANController2: 1.3.6.1.4.1.14525.3.3.3
wirelessLANController2800: 1.3.6.1.4.1.14525.3.3.5
wirelessLANController8: 1.3.6.1.4.1.14525.3.3.2
wirelessLANController800r: 1.3.6.1.4.1.14525.3.3.4
wirelessLANController880R: 1.3.6.1.4.1.14525.3.3.1
