trpzSysChasCompPowerSupplies: 1.3.6.1.4.1.14525.4.8.1.1.13.1
trpzSysChassisComponents: 1.3.6.1.4.1.14525.4.8.1.1.13
trpzSysCpuAverageLoad: 1.3.6.1.4.1.14525.4.8.1.1.5
trpzSysCpuInstantLoad: 1.3.6.1.4.1.14525.4.8.1.1.11.1
trpzSysCpuLast3DaysLoad: 1.3.6.1.4.1.14525.4.8.1.1.11.6
trpzSysCpuLast5MinutesLoad: 1.3.6.1.4.1.14525.4.8.1.1.11.3
trpzSysCpuLastDayLoad: 1.3.6.1.4.1.14525.4.8.1.1.11.5
trpzSysCpuLastHourLoad: 1.3.6.1.4.1.14525.4.8.1.1.11.4
trpzSysCpuLastMinuteLoad: 1.3.6.1.4.1.14525.4.8.1.1.11.2
trpzSysCpuLoadDetail: 1.3.6.1.4.1.14525.4.8.1.1.11
trpzSysCpuMemoryInstantUsage: 1.3.6.1.4.1.14525.4.8.1.1.12.1
trpzSysCpuMemoryLast3DaysUsage: 1.3.6.1.4.1.14525.4.8.1.1.12.6
trpzSysCpuMemoryLast5MinutesUsage: 1.3.6.1.4.1.14525.4.8.1.1.12.3
trpzSysCpuMemoryLastDayUsage: 1.3.6.1.4.1.14525.4.8.1.1.12.5
trpzSysCpuMemoryLastHourUsage: 1.3.6.1.4.1.14525.4.8.1.1.12.4
trpzSysCpuMemoryLastMinuteUsage: 1.3.6.1.4.1.14525.4.8.1.1.12.2
trpzSysCpuMemorySize: 1.3.6.1.4.1.14525.4.8.1.1.6
trpzSysCpuMemoryTotalBytes: 1.3.6.1.4.1.14525.4.8.1.1.2
trpzSysCpuMemoryUsageDetail: 1.3.6.1.4.1.14525.4.8.1.1.12
trpzSysCpuMemoryUsedBytes: 1.3.6.1.4.1.14525.4.8.1.1.1
trpzSysDataObjects: 1.3.6.1.4.1.14525.4.8.1.1
trpzSysFlashMemoryTotalBytes: 1.3.6.1.4.1.14525.4.8.1.1.4
trpzSysFlashMemoryUsedBytes: 1.3.6.1.4.1.14525.4.8.1.1.3
trpzSysNumPowerSuppliesSupported: 1.3.6.1.4.1.14525.4.8.1.1.13.1.1
trpzSysObjects: 1.3.6.1.4.1.14525.4.8.1
trpzSysPowerSupplyDescr: 1.3.6.1.4.1.14525.4.8.1.1.13.1.2.1.3
trpzSysPowerSupplyDeviceOID: 1.3.6.1.4.1.14525.4.8.1.1.13.1.2.1.1
trpzSysPowerSupplyEntry: 1.3.6.1.4.1.14525.4.8.1.1.13.1.2.1
trpzSysPowerSupplyStatus: 1.3.6.1.4.1.14525.4.8.1.1.13.1.2.1.2
trpzSysPowerSupplyTable: 1.3.6.1.4.1.14525.4.8.1.1.13.1.2
trpzSystemMib: 1.3.6.1.4.1.14525.4.8
