trpzClusterApAssignApNum: 1.3.6.1.4.1.14525.4.21.1.1.1.1
trpzClusterApAssignConnectedToPam: 1.3.6.1.4.1.14525.4.21.1.1.1.4
trpzClusterApAssignConnectedToSam: 1.3.6.1.4.1.14525.4.21.1.1.1.5
trpzClusterApAssignPamIp: 1.3.6.1.4.1.14525.4.21.1.1.1.2
trpzClusterApAssignSamIp: 1.3.6.1.4.1.14525.4.21.1.1.1.3
trpzClusterApAssignmentEntry: 1.3.6.1.4.1.14525.4.21.1.1.1
trpzClusterApAssignmentGroup: 1.3.6.1.4.1.14525.4.21.2.2.1
trpzClusterApAssignmentTable: 1.3.6.1.4.1.14525.4.21.1.1
trpzClusterCompliance: 1.3.6.1.4.1.14525.4.21.2.1.1
trpzClusterCompliances: 1.3.6.1.4.1.14525.4.21.2.1
trpzClusterConformance: 1.3.6.1.4.1.14525.4.21.2
trpzClusterGroups: 1.3.6.1.4.1.14525.4.21.2.2
trpzClusterMib: 1.3.6.1.4.1.14525.4.21
trpzClusterMibObjects: 1.3.6.1.4.1.14525.4.21.1
