ubnt: 1.3.6.1.4.1.41112
ubntAFLTU: 1.3.6.1.4.1.41112.1.10
ubntAFLTUGroups: 1.3.6.1.4.1.41112.1.2.9
ubntAirFIBER: 1.3.6.1.4.1.41112.1.3
ubntAirFiberGroups: 1.3.6.1.4.1.41112.1.2.3
ubntAirVision: 1.3.6.1.4.1.41112.1.7
ubntAirVisionGroups: 1.3.6.1.4.1.41112.1.2.6
ubntAirosGroups: 1.3.6.1.4.1.41112.1.2.2
ubntEdgeMax: 1.3.6.1.4.1.41112.1.5
ubntEdgeMaxGroups: 1.3.6.1.4.1.41112.1.2.4
ubntMFi: 1.3.6.1.4.1.41112.1.8
ubntMFiGroups: 1.3.6.1.4.1.41112.1.2.7
ubntMIB: 1.3.6.1.4.1.41112.1
ubntORCompliance: 1.3.6.1.4.1.41112.1.2.1.2
ubntORDescr: 1.3.6.1.4.1.41112.1.1.1.3
ubntOREntry: 1.3.6.1.4.1.41112.1.1.1
ubntORID: 1.3.6.1.4.1.41112.1.1.1.2
ubntORIndex: 1.3.6.1.4.1.41112.1.1.1.1
ubntORInfoGroup: 1.3.6.1.4.1.41112.1.2.1.1
ubntORTable: 1.3.6.1.4.1.41112.1.1
ubntSnmpGroups: 1.3.6.1.4.1.41112.1.2.1
ubntSnmpInfo: 1.3.6.1.4.1.41112.1.2
ubntUniFi: 1.3.6.1.4.1.41112.1.6
ubntUniFiGroups: 1.3.6.1.4.1.41112.1.2.5
ubntUniTel: 1.3.6.1.4.1.41112.1.9
ubntUniTelGroups: 1.3.6.1.4.1.41112.1.2.8
