viptela: 1.3.6.1.4.1.41916
viptela_global: 1.3.6.1.4.1.41916.7
