hardware: 1.3.6.1.4.1.41916.3.1
hardwareAlarmsAlarmCategory: 1.3.6.1.4.1.41916.3.1.3.1.5
hardwareAlarmsAlarmDescription: 1.3.6.1.4.1.41916.3.1.3.1.6
hardwareAlarmsAlarmId: 1.3.6.1.4.1.41916.3.1.3.1.1
hardwareAlarmsAlarmInstance: 1.3.6.1.4.1.41916.3.1.3.1.3
hardwareAlarmsAlarmName: 1.3.6.1.4.1.41916.3.1.3.1.2
hardwareAlarmsAlarmTime: 1.3.6.1.4.1.41916.3.1.3.1.4
hardwareAlarmsEntry: 1.3.6.1.4.1.41916.3.1.3.1
hardwareAlarmsTable: 1.3.6.1.4.1.41916.3.1.3
hardwareEnvironmentEntry: 1.3.6.1.4.1.41916.3.1.2.1
hardwareEnvironmentHwClass: 1.3.6.1.4.1.41916.3.1.2.1.1
hardwareEnvironmentHwDevIndex: 1.3.6.1.4.1.41916.3.1.2.1.3
hardwareEnvironmentHwItem: 1.3.6.1.4.1.41916.3.1.2.1.2
hardwareEnvironmentMeasurement: 1.3.6.1.4.1.41916.3.1.2.1.5
hardwareEnvironmentStatus: 1.3.6.1.4.1.41916.3.1.2.1.4
hardwareEnvironmentTable: 1.3.6.1.4.1.41916.3.1.2
hardwareInventoryEntry: 1.3.6.1.4.1.41916.3.1.1.1
hardwareInventoryHwDescription: 1.3.6.1.4.1.41916.3.1.1.1.6
hardwareInventoryHwDevIndex: 1.3.6.1.4.1.41916.3.1.1.1.2
hardwareInventoryHwType: 1.3.6.1.4.1.41916.3.1.1.1.1
hardwareInventoryPartNumber: 1.3.6.1.4.1.41916.3.1.1.1.4
hardwareInventorySerialNumber: 1.3.6.1.4.1.41916.3.1.1.1.5
hardwareInventoryTable: 1.3.6.1.4.1.41916.3.1.1
hardwareInventoryVersion: 1.3.6.1.4.1.41916.3.1.1.1.3
hardwareTemperatureThresholdsEntry: 1.3.6.1.4.1.41916.3.1.4.1
hardwareTemperatureThresholdsFanSpeedNormal: 1.3.6.1.4.1.41916.3.1.4.1.3
hardwareTemperatureThresholdsHwDevIndex: 1.3.6.1.4.1.41916.3.1.4.1.2
hardwareTemperatureThresholdsHwSensorType: 1.3.6.1.4.1.41916.3.1.4.1.1
hardwareTemperatureThresholdsRedAlarmBadFan: 1.3.6.1.4.1.41916.3.1.4.1.7
hardwareTemperatureThresholdsRedAlarmNormal: 1.3.6.1.4.1.41916.3.1.4.1.6
hardwareTemperatureThresholdsTable: 1.3.6.1.4.1.41916.3.1.4
hardwareTemperatureThresholdsYellowAlarmBadFan: 1.3.6.1.4.1.41916.3.1.4.1.5
hardwareTemperatureThresholdsYellowAlarmNormal: 1.3.6.1.4.1.41916.3.1.4.1.4
vbondSoftware: 1.3.6.1.4.1.41916.3.2.3
vedge1000AC: 1.3.6.1.4.1.41916.3.2.4
vedge100AC: 1.3.6.1.4.1.41916.3.2.6
vedge100BAC: 1.3.6.1.4.1.41916.3.2.11
vedge100M2AC: 1.3.6.1.4.1.41916.3.2.9
vedge100MAC: 1.3.6.1.4.1.41916.3.2.10
vedge100W2AC: 1.3.6.1.4.1.41916.3.2.7
vedge100WMAC: 1.3.6.1.4.1.41916.3.2.8
vedge2000AC: 1.3.6.1.4.1.41916.3.2.5
vedgeCloud: 1.3.6.1.4.1.41916.3.2.12
viptelaDevices: 1.3.6.1.4.1.41916.3.2
viptela_hardware: 1.3.6.1.4.1.41916.3
vmanage: 1.3.6.1.4.1.41916.3.2.2
vsmart: 1.3.6.1.4.1.41916.3.2.1
