bfd: 1.3.6.1.4.1.41916.6.1
bfdHistoryListColor: 1.3.6.1.4.1.41916.6.1.2.1.9
bfdHistoryListDel: 1.3.6.1.4.1.41916.6.1.2.1.14
bfdHistoryListDstIp: 1.3.6.1.4.1.41916.6.1.2.1.2
bfdHistoryListDstPort: 1.3.6.1.4.1.41916.6.1.2.1.5
bfdHistoryListEntry: 1.3.6.1.4.1.41916.6.1.2.1
bfdHistoryListIndex: 1.3.6.1.4.1.41916.6.1.2.1.6
bfdHistoryListProto: 1.3.6.1.4.1.41916.6.1.2.1.3
bfdHistoryListRxPkts: 1.3.6.1.4.1.41916.6.1.2.1.12
bfdHistoryListSiteId: 1.3.6.1.4.1.41916.6.1.2.1.8
bfdHistoryListSrcIp: 1.3.6.1.4.1.41916.6.1.2.1.1
bfdHistoryListSrcPort: 1.3.6.1.4.1.41916.6.1.2.1.4
bfdHistoryListState: 1.3.6.1.4.1.41916.6.1.2.1.10
bfdHistoryListSystemIp: 1.3.6.1.4.1.41916.6.1.2.1.7
bfdHistoryListTable: 1.3.6.1.4.1.41916.6.1.2
bfdHistoryListTime: 1.3.6.1.4.1.41916.6.1.2.1.11
bfdHistoryListTxPkts: 1.3.6.1.4.1.41916.6.1.2.1.13
bfdSessionsListColor: 1.3.6.1.4.1.41916.6.1.1.1.9
bfdSessionsListDetectMultiplier: 1.3.6.1.4.1.41916.6.1.1.1.11
bfdSessionsListDstIp: 1.3.6.1.4.1.41916.6.1.1.1.2
bfdSessionsListDstPort: 1.3.6.1.4.1.41916.6.1.1.1.5
bfdSessionsListEntry: 1.3.6.1.4.1.41916.6.1.1.1
bfdSessionsListLocalColor: 1.3.6.1.4.1.41916.6.1.1.1.8
bfdSessionsListProto: 1.3.6.1.4.1.41916.6.1.1.1.3
bfdSessionsListSiteId: 1.3.6.1.4.1.41916.6.1.1.1.7
bfdSessionsListSrcIp: 1.3.6.1.4.1.41916.6.1.1.1.1
bfdSessionsListSrcPort: 1.3.6.1.4.1.41916.6.1.1.1.4
bfdSessionsListState: 1.3.6.1.4.1.41916.6.1.1.1.10
bfdSessionsListSystemIp: 1.3.6.1.4.1.41916.6.1.1.1.6
bfdSessionsListTable: 1.3.6.1.4.1.41916.6.1.1
bfdSessionsListTransitions: 1.3.6.1.4.1.41916.6.1.1.1.14
bfdSessionsListTxInterval: 1.3.6.1.4.1.41916.6.1.1.1.12
bfdSessionsListUptime: 1.3.6.1.4.1.41916.6.1.1.1.13
bfdSummary: 1.3.6.1.4.1.41916.6.1.5
bfdSummaryBfdSessionsFlap: 1.3.6.1.4.1.41916.6.1.5.4
bfdSummaryBfdSessionsMax: 1.3.6.1.4.1.41916.6.1.5.3
bfdSummaryBfdSessionsTotal: 1.3.6.1.4.1.41916.6.1.5.1
bfdSummaryBfdSessionsUp: 1.3.6.1.4.1.41916.6.1.5.2
viptela_bfd: 1.3.6.1.4.1.41916.6
