appRoute: 1.3.6.1.4.1.41916.9.1
appRouteSlaClassEntry: 1.3.6.1.4.1.41916.9.4.1
appRouteSlaClassIndex: 1.3.6.1.4.1.41916.9.4.1.1
appRouteSlaClassJitter: 1.3.6.1.4.1.41916.9.4.1.5
appRouteSlaClassLatency: 1.3.6.1.4.1.41916.9.4.1.4
appRouteSlaClassLoss: 1.3.6.1.4.1.41916.9.4.1.3
appRouteSlaClassName: 1.3.6.1.4.1.41916.9.4.1.2
appRouteSlaClassTable: 1.3.6.1.4.1.41916.9.4
appRouteStatisticsDstIp: 1.3.6.1.4.1.41916.9.2.1.2
appRouteStatisticsDstPort: 1.3.6.1.4.1.41916.9.2.1.5
appRouteStatisticsEntry: 1.3.6.1.4.1.41916.9.2.1
appRouteStatisticsIntervalAverageJitter: 1.3.6.1.4.1.41916.9.3.1.5
appRouteStatisticsIntervalAverageLatency: 1.3.6.1.4.1.41916.9.3.1.4
appRouteStatisticsIntervalEntry: 1.3.6.1.4.1.41916.9.3.1
appRouteStatisticsIntervalIndex: 1.3.6.1.4.1.41916.9.3.1.1
appRouteStatisticsIntervalLoss: 1.3.6.1.4.1.41916.9.3.1.3
appRouteStatisticsIntervalRxDataPkts: 1.3.6.1.4.1.41916.9.3.1.7
appRouteStatisticsIntervalTable: 1.3.6.1.4.1.41916.9.3
appRouteStatisticsIntervalTotalPackets: 1.3.6.1.4.1.41916.9.3.1.2
appRouteStatisticsIntervalTxDataPkts: 1.3.6.1.4.1.41916.9.3.1.6
appRouteStatisticsLocalColor: 1.3.6.1.4.1.41916.9.2.1.7
appRouteStatisticsMeanJitter: 1.3.6.1.4.1.41916.9.2.1.12
appRouteStatisticsMeanLatency: 1.3.6.1.4.1.41916.9.2.1.10
appRouteStatisticsMeanLoss: 1.3.6.1.4.1.41916.9.2.1.9
appRouteStatisticsProto: 1.3.6.1.4.1.41916.9.2.1.3
appRouteStatisticsRemoteColor: 1.3.6.1.4.1.41916.9.2.1.8
appRouteStatisticsRemoteSystemIp: 1.3.6.1.4.1.41916.9.2.1.6
appRouteStatisticsSlaClassIndex: 1.3.6.1.4.1.41916.9.2.1.11
appRouteStatisticsSrcIp: 1.3.6.1.4.1.41916.9.2.1.1
appRouteStatisticsSrcPort: 1.3.6.1.4.1.41916.9.2.1.4
appRouteStatisticsTable: 1.3.6.1.4.1.41916.9.2
viptela_app_route: 1.3.6.1.4.1.41916.9
