wlsxCtsCookie: 1.3.6.1.4.1.14823.2.2.1.11.1.1.1.3
wlsxCtsFlags: 1.3.6.1.4.1.14823.2.2.1.11.1.1.1.5
wlsxCtsIndex: 1.3.6.1.4.1.14823.2.2.1.11.1.1.1.1
wlsxCtsMIB: 1.3.6.1.4.1.14823.2.2.1.11
wlsxCtsOpGroup: 1.3.6.1.4.1.14823.2.2.1.11.1
wlsxCtsOpcode: 1.3.6.1.4.1.14823.2.2.1.11.1.1.1.2
wlsxCtsRequestEntry: 1.3.6.1.4.1.14823.2.2.1.11.1.1.1
wlsxCtsRequestTable: 1.3.6.1.4.1.14823.2.2.1.11.1.1
wlsxCtsStatus: 1.3.6.1.4.1.14823.2.2.1.11.1.1.1.6
wlsxCtsURL: 1.3.6.1.4.1.14823.2.2.1.11.1.1.1.4
