wlsxStatsCookie: 1.3.6.1.4.1.14823.2.2.1.15.1.1.1.4
wlsxStatsIndex: 1.3.6.1.4.1.14823.2.2.1.15.1.1.1.1
wlsxStatsInterval: 1.3.6.1.4.1.14823.2.2.1.15.1.1.1.3
wlsxStatsMIB: 1.3.6.1.4.1.14823.2.2.1.15
wlsxStatsOpGroup: 1.3.6.1.4.1.14823.2.2.1.15.1
wlsxStatsReqType: 1.3.6.1.4.1.14823.2.2.1.15.1.1.1.2
wlsxStatsRequestEntry: 1.3.6.1.4.1.14823.2.2.1.15.1.1.1
wlsxStatsRequestTable: 1.3.6.1.4.1.14823.2.2.1.15.1.1
