authServerAddress: 1.3.6.1.4.1.14823.2.2.1.8.1.1.1.3
authServerAvgResponseTime: 1.3.6.1.4.1.14823.2.2.1.8.1.1.1.13
authServerFailedAuths: 1.3.6.1.4.1.14823.2.2.1.8.1.1.1.11
authServerInservice: 1.3.6.1.4.1.14823.2.2.1.8.1.1.1.8
authServerName: 1.3.6.1.4.1.14823.2.2.1.8.1.1.1.1
authServerOutStandingRequests: 1.3.6.1.4.1.14823.2.2.1.8.1.1.1.14
authServerPort: 1.3.6.1.4.1.14823.2.2.1.8.1.1.1.4
authServerRetryCount: 1.3.6.1.4.1.14823.2.2.1.8.1.1.1.5
authServerState: 1.3.6.1.4.1.14823.2.2.1.8.1.1.1.7
authServerSuccessfullAuths: 1.3.6.1.4.1.14823.2.2.1.8.1.1.1.10
authServerTimeOutValue: 1.3.6.1.4.1.14823.2.2.1.8.1.1.1.6
authServerTimeouts: 1.3.6.1.4.1.14823.2.2.1.8.1.1.1.12
authServerType: 1.3.6.1.4.1.14823.2.2.1.8.1.1.1.2
authServerUptime: 1.3.6.1.4.1.14823.2.2.1.8.1.1.1.15
authServerUsageCount: 1.3.6.1.4.1.14823.2.2.1.8.1.1.1.9
ldapAdminBound: 1.3.6.1.4.1.14823.2.2.1.8.1.5.1.2
ldapInitDone: 1.3.6.1.4.1.14823.2.2.1.8.1.5.1.1
ldapReBindCount: 1.3.6.1.4.1.14823.2.2.1.8.1.5.1.3
portalServerHost: 1.3.6.1.4.1.14823.2.2.1.8.1.2.1.2
portalServerIndex: 1.3.6.1.4.1.14823.2.2.1.8.1.2.1.1
portalServerPage: 1.3.6.1.4.1.14823.2.2.1.8.1.2.1.4
portalServerPort: 1.3.6.1.4.1.14823.2.2.1.8.1.2.1.3
portalServerProtocol: 1.3.6.1.4.1.14823.2.2.1.8.1.2.1.5
wlsxAuthMIB: 1.3.6.1.4.1.14823.2.2.1.8
wlsxAuthenticationGroup: 1.3.6.1.4.1.14823.2.2.1.8.3
wlsxAuthenticationInfoGroup: 1.3.6.1.4.1.14823.2.2.1.8.2
wlsxAuthenticationServerEntry: 1.3.6.1.4.1.14823.2.2.1.8.1.1.1
wlsxAuthenticationServerGroup: 1.3.6.1.4.1.14823.2.2.1.8.1
wlsxAuthenticationServerTable: 1.3.6.1.4.1.14823.2.2.1.8.1.1
wlsxLdapServerStateEntry: 1.3.6.1.4.1.14823.2.2.1.8.1.5.1
wlsxLdapServerStateTable: 1.3.6.1.4.1.14823.2.2.1.8.1.5
wlsxPortalServerEntry: 1.3.6.1.4.1.14823.2.2.1.8.1.2.1
wlsxPortalServerTable: 1.3.6.1.4.1.14823.2.2.1.8.1.2
