apSnrAverageSignalStrength: 1.3.6.1.4.1.14823.2.2.1.7.1.1.1.1
apSnrBSSIDAverageSignalStrength: 1.3.6.1.4.1.14823.2.2.1.7.1.3.1.1
apSnrBSSIDHighestRxSignalStrength: 1.3.6.1.4.1.14823.2.2.1.7.1.3.1.3
apSnrBSSIDLowestRxSignalStrength: 1.3.6.1.4.1.14823.2.2.1.7.1.3.1.4
apSnrBSSIDSampleTime: 1.3.6.1.4.1.14823.2.2.1.7.1.3.1.5
apSnrBSSIDSignalPkts: 1.3.6.1.4.1.14823.2.2.1.7.1.3.1.2
apSnrHighestRxSignalStrength: 1.3.6.1.4.1.14823.2.2.1.7.1.1.1.3
apSnrLowestRxSignalStrength: 1.3.6.1.4.1.14823.2.2.1.7.1.1.1.4
apSnrSampleTime: 1.3.6.1.4.1.14823.2.2.1.7.1.1.1.5
apSnrSignalPkts: 1.3.6.1.4.1.14823.2.2.1.7.1.1.1.2
staSnrAverageSignalStrength: 1.3.6.1.4.1.14823.2.2.1.7.1.2.1.1
staSnrHighestRxSignalStrength: 1.3.6.1.4.1.14823.2.2.1.7.1.2.1.3
staSnrLowestRxSignalStrength: 1.3.6.1.4.1.14823.2.2.1.7.1.2.1.4
staSnrPhyAverageSignalStrength: 1.3.6.1.4.1.14823.2.2.1.7.1.4.1.1
staSnrPhyHighestRxSignalStrength: 1.3.6.1.4.1.14823.2.2.1.7.1.4.1.3
staSnrPhyLowestRxSignalStrength: 1.3.6.1.4.1.14823.2.2.1.7.1.4.1.4
staSnrPhySampleTime: 1.3.6.1.4.1.14823.2.2.1.7.1.4.1.5
staSnrPhySignalPkts: 1.3.6.1.4.1.14823.2.2.1.7.1.4.1.2
staSnrSampleTime: 1.3.6.1.4.1.14823.2.2.1.7.1.2.1.5
staSnrSignalPkts: 1.3.6.1.4.1.14823.2.2.1.7.1.2.1.2
wlsxAPSnrBSSIDEntry: 1.3.6.1.4.1.14823.2.2.1.7.1.3.1
wlsxAPSnrBSSIDTable: 1.3.6.1.4.1.14823.2.2.1.7.1.3
wlsxAPSnrEntry: 1.3.6.1.4.1.14823.2.2.1.7.1.1.1
wlsxAPSnrTable: 1.3.6.1.4.1.14823.2.2.1.7.1.1
wlsxSNRGroup: 1.3.6.1.4.1.14823.2.2.1.7.1
wlsxSNRMIB: 1.3.6.1.4.1.14823.2.2.1.7
wlsxStaSnrEntry: 1.3.6.1.4.1.14823.2.2.1.7.1.2.1
wlsxStaSnrPhyEntry: 1.3.6.1.4.1.14823.2.2.1.7.1.4.1
wlsxStaSnrPhyTable: 1.3.6.1.4.1.14823.2.2.1.7.1.4
wlsxStaSnrTable: 1.3.6.1.4.1.14823.2.2.1.7.1.2
