evtAgent: 1.3.6.1.4.1.14296.1.100.20
evtClass: 1.3.6.1.4.1.14296.1.100.5
evtClassKey: 1.3.6.1.4.1.14296.1.100.11
evtClassMapping: 1.3.6.1.4.1.14296.1.100.33
evtClearId: 1.3.6.1.4.1.14296.1.100.31
evtComponent: 1.3.6.1.4.1.14296.1.100.4
evtCount: 1.3.6.1.4.1.14296.1.100.16
evtDedupid: 1.3.6.1.4.1.14296.1.100.2
evtDeletedTime: 1.3.6.1.4.1.14296.1.100.30
evtDevice: 1.3.6.1.4.1.14296.1.100.3
evtDeviceClass: 1.3.6.1.4.1.14296.1.100.21
evtDeviceGroups: 1.3.6.1.4.1.14296.1.100.24
evtDevicePriority: 1.3.6.1.4.1.14296.1.100.32
evtFacility: 1.3.6.1.4.1.14296.1.100.26
evtFirstTime: 1.3.6.1.4.1.14296.1.100.14
evtGroup: 1.3.6.1.4.1.14296.1.100.12
evtId: 1.3.6.1.4.1.14296.1.100.1
evtIpAddress: 1.3.6.1.4.1.14296.1.100.25
evtKey: 1.3.6.1.4.1.14296.1.100.6
evtLastTime: 1.3.6.1.4.1.14296.1.100.15
evtLocation: 1.3.6.1.4.1.14296.1.100.22
evtManager: 1.3.6.1.4.1.14296.1.100.19
evtNtEvId: 1.3.6.1.4.1.14296.1.100.28
evtOwnerId: 1.3.6.1.4.1.14296.1.100.29
evtPriority: 1.3.6.1.4.1.14296.1.100.27
evtProdState: 1.3.6.1.4.1.14296.1.100.17
evtSeverity: 1.3.6.1.4.1.14296.1.100.9
evtState: 1.3.6.1.4.1.14296.1.100.10
evtStateChange: 1.3.6.1.4.1.14296.1.100.13
evtSummary: 1.3.6.1.4.1.14296.1.100.7
evtSuppId: 1.3.6.1.4.1.14296.1.100.18
evtSystems: 1.3.6.1.4.1.14296.1.100.23
zen: 1.3.6.1.4.1.14296
zenGenTrap: 1.3.6.1.4.1.14296.1.100.0.0.1
zenMIB: 1.3.6.1.4.1.14296.1
zenMIBCompliance: 1.3.6.1.4.1.14296.1.2.1.1
zenMIBCompliances: 1.3.6.1.4.1.14296.1.2.1
zenMIBConformance: 1.3.6.1.4.1.14296.1.2
zenMIBGroups: 1.3.6.1.4.1.14296.1.2.2
zenMIBObjectGroup: 1.3.6.1.4.1.14296.1.2.2.1
zenMIBTrapGroup: 1.3.6.1.4.1.14296.1.2.2.2
zenNotifications: 1.3.6.1.4.1.14296.1.100.0
zenTrapDef: 1.3.6.1.4.1.14296.1.100
zenTraps: 1.3.6.1.4.1.14296.1.100.0.0
